1573810387.600000000,-0.000000,0.000000,0.000000
1573810387.800000000,-0.000000,-0.000000,0.150000
1573810388.0,-0.000000,-0.000000,0.260000
1573810388.200000000,-0.000000,-0.000000,0.450000
1573810388.400000000,-0.000000,-0.000000,0.640000
1573810388.600000000,-0.000000,0.000000,0.820000
1573810388.800000000,-0.000000,-0.000000,0.940000
1573810389.0,-0.000000,-0.000000,1.060000
1573810389.200000000,-0.000000,-0.000000,1.170000
1573810389.400000000,-0.000000,0.184557,1.250000
1573810389.600000000,-0.000000,0.184557,1.290000
1573810389.800000000,-0.000000,0.184557,1.320000
1573810390.0,-0.000000,0.184557,1.370000
1573810390.200000000,0.171455,0.184557,1.390000
1573810390.400000000,0.171455,0.184557,1.410000
1573810390.600000000,0.342909,0.369125,1.410000
1573810390.800000000,0.342909,0.369125,1.310000
1573810391.0,0.514261,0.369125,1.250000
1573810391.200000000,0.685715,0.369125,1.190000
1573810391.400000000,0.685715,0.553692,1.130000
1573810391.600000000,0.857170,0.553692,1.040000
1573810391.800000000,0.857170,0.553692,0.970000
1573810392.0,1.028522,0.553692,0.840000
1573810392.200000000,1.028521,0.553692,0.680000
1573810392.400000000,1.028521,0.553692,0.520000
1573810392.600000000,1.028521,0.553692,0.350000
1573810392.800000000,1.028521,0.553692,0.250000
1573810393.0,1.028521,0.553692,0.210000
1573810393.200000000,1.028521,0.553692,0.320000
1573810393.400000000,1.028521,0.553692,0.490000
1573810393.600000000,1.028522,0.553692,0.690000
1573810393.800000000,1.028522,0.553692,0.840000
1573810394.0,1.028522,0.553692,0.980000
1573810394.200000000,1.028522,0.553692,1.060000
1573810394.400000000,0.857170,0.553692,1.150000
1573810394.600000000,0.857170,0.553692,1.190000
1573810394.800000000,0.857170,0.553692,1.250000
1573810395.0,0.857170,0.553692,1.310000
1573810395.200000000,0.857170,0.553692,1.360000
1573810395.400000000,0.857170,0.553692,1.380000
1573810395.600000000,0.857170,0.553692,1.400000
1573810395.800000000,0.857170,0.553692,1.360000
1573810396.0,0.857170,0.553692,1.320000
1573810396.200000000,0.857170,0.553692,1.260000
1573810396.400000000,0.857170,0.553692,1.200000
1573810396.600000000,1.028522,0.553692,1.120000
1573810396.800000000,1.028522,0.553692,1.020000
1573810397.0,1.028522,0.553692,0.910000
1573810397.200000000,1.028522,0.553692,0.800000
1573810397.400000000,1.028521,0.553692,0.680000
1573810397.600000000,1.028521,0.553692,0.560000
1573810397.800000000,1.028521,0.553692,0.430000
1573810398.0,1.028521,0.553692,0.350000
1573810398.200000000,1.028521,0.553692,0.200000
1573810398.400000000,1.028521,0.553692,0.180000
1573810398.600000000,1.028521,0.553692,0.200000
1573810398.800000000,1.028521,0.553692,0.290000
1573810399.0,1.028521,0.553692,0.450000
1573810399.200000000,1.028521,0.553692,0.560000
1573810399.400000000,1.028522,0.553692,0.720000
1573810399.600000000,1.028522,0.553692,0.890000
1573810399.800000000,1.028522,0.553692,0.990000
1573810400.0,0.857170,0.553692,1.080000
1573810400.200000000,0.857170,0.553692,1.130000
1573810400.400000000,0.857170,0.553692,1.200000
1573810400.600000000,0.857170,0.553692,1.230000
1573810400.800000000,0.857170,0.553692,1.180000
1573810401.0,0.857170,0.553692,1.140000
1573810401.200000000,0.857170,0.553692,1.100000
1573810401.400000000,0.857170,0.553692,1.030000
1573810401.600000000,0.857170,0.553692,0.980000
1573810401.800000000,1.028522,0.553692,0.860000
1573810402.0,1.028522,0.553692,0.740000
1573810402.200000000,1.028521,0.553692,0.580000
1573810402.400000000,1.028521,0.553692,0.400000
1573810402.600000000,1.028521,0.553692,0.310000
1573810402.800000000,1.028521,0.553692,0.190000
1573810403.0,1.028521,0.553692,0.140000
1573810403.200000000,1.028521,0.553692,0.130000
1573810403.400000000,1.028521,0.553692,0.160000
1573810403.600000000,1.028521,0.553692,0.280000
1573810403.800000000,1.028521,0.553692,0.460000
1573810404.0,1.028521,0.553692,0.620000
1573810404.200000000,0.857170,0.553692,0.760000
1573810404.400000000,0.857170,0.553692,0.800000
1573810404.600000000,0.685715,0.369125,0.800000
1573810404.800000000,0.685715,0.369125,0.800000
1573810405.0,0.514261,0.369125,0.820000
1573810405.200000000,0.514261,0.369125,0.790000
1573810405.400000000,0.342909,0.369125,0.730000
1573810405.600000000,0.171455,0.184557,0.670000
1573810405.800000000,-0.000000,0.184557,0.620000
1573810406.0,-0.000000,0.184557,0.530000
1573810406.200000000,-0.000000,-0.000000,0.450000
1573810406.400000000,-0.000000,-0.000000,0.270000
1573810406.600000000,-0.000000,-0.000000,0.090000
1573810406.800000000,0.171455,0.000000,0.070000
1573810407.0,0.171455,0.000000,-0.020000
1573810407.200000000,0.171455,0.000000,-0.050000
1573810407.400000000,0.171455,0.000000,-0.110000
1573810407.600000000,0.171455,0.000000,-0.130000
1573810407.800000000,0.171455,0.000000,-0.150000
1573810408.0,0.171455,0.000000,-0.150000
1573810408.200000000,0.171455,0.000000,-0.170000
1573810408.400000000,0.171455,0.000000,-0.180000
1573810408.600000000,0.171455,0.000000,-0.140000
1573810408.800000000,0.171455,0.000000,-0.160000
1573810409.0,0.171455,0.000000,-0.160000
1573810409.200000000,0.171455,0.000000,-0.140000
1573810409.400000000,0.171455,0.000000,-0.150000
1573810409.600000000,0.171455,0.000000,-0.140000
1573810409.800000000,0.171455,0.000000,-0.140000
1573810410.0,0.171455,0.000000,-0.080000
1573810410.200000000,0.171455,0.000000,0.010000
1573810410.400000000,0.171455,0.184557,0.170000
1573810410.600000000,0.171455,0.184557,0.330000
1573810410.800000000,0.171455,0.184557,0.550000
1573810411.0,0.171455,0.184557,0.670000
1573810411.200000000,0.171455,0.369125,0.830000
1573810411.400000000,0.342909,0.369125,0.910000
1573810411.600000000,0.342909,0.553692,0.900000
1573810411.800000000,0.342909,0.553692,0.940000
1573810412.0,0.514261,0.738249,0.990000
1573810412.200000000,0.514261,0.738249,1.010000
1573810412.400000000,0.514261,0.922817,1.040000
1573810412.600000000,0.514261,1.107385,1.050000
1573810412.800000000,0.514261,1.107385,1.120000
1573810413.0,0.685715,1.107385,1.140000
1573810413.200000000,0.685715,1.291941,1.140000
1573810413.400000000,0.685715,1.291941,1.150000
1573810413.600000000,0.685715,1.476509,1.150000
1573810413.800000000,0.685715,1.661077,1.150000
1573810414.0,0.685715,1.661077,1.200000
1573810414.200000000,0.685715,1.845634,1.200000
1573810414.400000000,0.685715,1.845634,1.200000
1573810414.600000000,0.685715,2.030202,1.220000
1573810414.800000000,0.685715,2.030202,1.270000
1573810415.0,0.685715,2.214769,1.240000
1573810415.200000000,0.685715,2.214769,1.180000
1573810415.400000000,0.685715,2.399326,1.150000
1573810415.600000000,0.685715,2.583894,1.119999
1573810415.800000000,0.685715,2.583894,1.119999
1573810416.0,0.685715,2.768462,1.129999
1573810416.200000000,0.685715,2.768462,1.189999
1573810416.400000000,0.685715,2.953018,1.159999
1573810416.600000000,0.514261,3.137586,1.119999
1573810416.800000000,0.514261,3.137586,1.129999
1573810417.0,0.514261,3.322154,1.149999
1573810417.200000000,0.514261,3.506711,1.139999
1573810417.400000000,0.514261,3.506711,1.139999
1573810417.600000000,0.514261,3.691278,1.149999
1573810417.800000000,0.514261,3.875846,1.149999
1573810418.0,0.342909,3.875846,1.129999
1573810418.200000000,0.342909,4.060403,1.139999
1573810418.400000000,0.342909,4.244971,1.149999
1573810418.600000000,0.342909,4.244971,1.179999
1573810418.800000000,0.342909,4.429539,1.159998
1573810419.0,0.342909,4.614095,1.209998
1573810419.200000000,0.342909,4.798663,1.239998
1573810419.400000000,0.171455,4.798663,1.189998
1573810419.600000000,0.171454,4.983231,1.189998
1573810419.800000000,-0.000000,5.167788,1.219998
1573810420.0,-0.000000,5.352356,1.209998
1573810420.200000000,-0.000000,5.352356,1.219998
1573810420.400000000,-0.171352,5.536923,1.249998
1573810420.600000000,-0.171352,5.721480,1.269997
1573810420.800000000,-0.342806,5.721480,1.259997
1573810421.0,-0.342806,5.906048,1.229997
1573810421.200000000,-0.342806,6.090616,1.269997
1573810421.400000000,-0.342806,6.090616,1.269997
1573810421.600000000,-0.514261,6.275172,1.269997
1573810421.800000000,-0.514261,6.459740,1.299997
1573810422.0,-0.514261,6.459740,1.309997
1573810422.200000000,-0.514261,6.644308,1.279997
1573810422.400000000,-0.685612,6.644308,1.279996
1573810422.600000000,-0.685612,6.828865,1.299996
1573810422.800000000,-0.685612,7.013433,1.309996
1573810423.0,-0.685612,7.013433,1.289996
1573810423.200000000,-0.685612,7.198000,1.289996
1573810423.400000000,-0.685612,7.382557,1.299996
1573810423.600000000,-0.685612,7.567125,1.309995
1573810423.800000000,-0.685612,7.567125,1.309995
1573810424.0,-0.857067,7.751693,1.309995
1573810424.200000000,-0.685612,7.751693,1.329995
1573810424.400000000,-0.685612,7.936250,1.309995
1573810424.600000000,-0.685612,8.120817,1.289995
1573810424.800000000,-0.685612,8.120817,1.309995
1573810425.0,-0.857067,8.305385,1.279995
1573810425.200000000,-0.857067,8.489942,1.299994
1573810425.400000000,-0.857067,8.489942,1.279994
1573810425.600000000,-0.857067,8.674510,1.309994
1573810425.800000000,-0.857067,8.674510,1.299994
1573810426.0,-0.685612,8.859078,1.359994
1573810426.200000000,-0.685612,8.859078,1.399994
1573810426.400000000,-0.685612,9.043634,1.449994
1573810426.600000000,-0.685612,9.228202,1.429993
1573810426.800000000,-0.685612,9.228202,1.409993
1573810427.0,-0.685612,9.412770,1.419993
1573810427.200000000,-0.685612,9.597327,1.409993
1573810427.400000000,-0.685612,9.597327,1.399993
1573810427.600000000,-0.685612,9.781895,1.419992
1573810427.800000000,-0.685612,9.781895,1.439992
1573810428.0,-0.685612,9.966462,1.399992
1573810428.200000000,-0.685612,10.151019,1.399992
1573810428.400000000,-0.685612,10.335587,1.419992
1573810428.600000000,-0.685612,10.335587,1.429992
1573810428.800000000,-0.514260,10.520155,1.429991
1573810429.0,-0.514260,10.520155,1.449991
1573810429.200000000,-0.514260,10.704711,1.479991
1573810429.400000000,-0.514260,10.889279,1.449991
1573810429.600000000,-0.685612,10.889279,1.499991
1573810429.800000000,-0.685612,11.073847,1.519990
1573810430.0,-0.514260,11.073847,1.539990
1573810430.200000000,-0.514260,11.258404,1.569990
1573810430.400000000,-0.514260,11.258404,1.599990
1573810430.600000000,-0.514260,11.258404,1.669990
1573810430.800000000,-0.514260,11.442972,1.669990
1573810431.0,-0.514260,11.442972,1.669990
1573810431.200000000,-0.514260,11.627540,1.729989
1573810431.400000000,-0.514260,11.627540,1.689989
1573810431.600000000,-0.514260,11.812097,1.689989
1573810431.800000000,-0.514260,11.812097,1.699989
1573810432.0,-0.514260,11.996664,1.689989
1573810432.200000000,-0.342806,12.181232,1.679988
1573810432.400000000,-0.342806,12.181232,1.699988
1573810432.600000000,-0.342806,12.365789,1.689988
1573810432.800000000,-0.514260,12.550357,1.689988
1573810433.0,-0.342806,12.550357,1.679988
1573810433.200000000,-0.342806,12.734925,1.669987
1573810433.400000000,-0.342806,12.919481,1.639987
1573810433.600000000,-0.342806,12.919481,1.689987
1573810433.800000000,-0.342806,13.104049,1.699986
1573810434.0,-0.342806,13.288617,1.639986
1573810434.200000000,-0.514260,13.288617,1.639986
1573810434.400000000,-0.514260,13.473174,1.689986
1573810434.600000000,-0.342806,13.657741,1.649985
1573810434.800000000,-0.342806,13.657741,1.659985
1573810435.0,-0.342806,13.842309,1.669985
1573810435.200000000,-0.342806,14.026866,1.679984
1573810435.400000000,-0.342806,14.026866,1.659984
1573810435.600000000,-0.342806,14.211434,1.669984
1573810435.800000000,-0.342806,14.396002,1.649984
1573810436.0,-0.342806,14.396002,1.699984
1573810436.200000000,-0.342806,14.580558,1.639983
1573810436.400000000,-0.342806,14.580559,1.699983
1573810436.600000000,-0.342806,14.765126,1.719983
1573810436.800000000,-0.342806,14.949694,1.679982
1573810437.0,-0.342806,14.949694,1.699982
1573810437.200000000,-0.342806,15.134251,1.709982
1573810437.400000000,-0.342806,15.134251,1.709982
1573810437.600000000,-0.342806,15.318819,1.719981
1573810437.800000000,-0.342806,15.503387,1.749981
1573810438.0,-0.342806,15.503387,1.759981
1573810438.200000000,-0.342806,15.687943,1.779981
1573810438.400000000,-0.342806,15.872511,1.779980
1573810438.600000000,-0.342806,16.057079,1.809980
1573810438.800000000,-0.342806,16.057079,1.799980
1573810439.0,-0.342806,16.241636,1.799979
1573810439.200000000,-0.342806,16.426204,1.809979
1573810439.400000000,-0.342806,16.426204,1.849979
1573810439.600000000,-0.342806,16.610772,1.809978
1573810439.800000000,-0.514260,16.795328,1.819978
1573810440.0,-0.514260,16.795328,1.829978
1573810440.200000000,-0.514260,16.979896,1.849977
1573810440.400000000,-0.514260,17.164464,1.819977
1573810440.600000000,-0.514260,17.164464,1.839977
1573810440.800000000,-0.514260,17.349021,1.849976
1573810441.0,-0.514260,17.533589,1.829976
1573810441.200000000,-0.685612,17.533589,1.819976
1573810441.400000000,-0.685612,17.718156,1.829975
1573810441.600000000,-0.685612,17.902713,1.809975
1573810441.800000000,-0.685612,17.902713,1.829975
1573810442.0,-0.685612,18.087281,1.789974
1573810442.200000000,-0.514260,18.087281,1.839974
1573810442.400000000,-0.685612,18.271849,1.879974
1573810442.600000000,-0.685612,18.456405,1.789973
1573810442.800000000,-0.685612,18.456405,1.779973
1573810443.0,-0.685612,18.640973,1.829973
1573810443.200000000,-0.685612,18.825541,1.829972
1573810443.400000000,-0.685612,18.825541,1.809972
1573810443.600000000,-0.685612,19.010098,1.849971
1573810443.800000000,-0.685612,19.194666,1.829971
1573810444.0,-0.857066,19.194666,1.779971
1573810444.200000000,-0.857066,19.379233,1.779970
1573810444.400000000,-0.857066,19.563790,1.819970
1573810444.600000000,-0.857066,19.563790,1.829970
1573810444.800000000,-0.685612,19.748358,1.869969
1573810445.0,-0.685612,19.932926,1.879969
1573810445.200000000,-0.857066,19.932926,1.859969
1573810445.400000000,-0.857066,20.117483,1.869968
1573810445.600000000,-1.028520,20.117483,1.869968
1573810445.800000000,-1.028520,20.302051,1.849967
1573810446.0,-1.028520,20.302051,1.889967
1573810446.200000000,-1.028520,20.486619,1.879967
1573810446.400000000,-1.028520,20.486619,1.899967
1573810446.600000000,-1.028520,20.671176,1.939966
1573810446.800000000,-1.028520,20.671175,1.899966
1573810447.0,-1.028520,20.671175,1.889966
1573810447.200000000,-1.199872,20.671175,1.869966
1573810447.400000000,-1.199872,20.671175,1.879966
1573810447.600000000,-1.199872,20.671175,1.879966
1573810447.800000000,-1.028520,20.671175,1.889966
1573810448.0,-1.028520,20.486619,1.899967
1573810448.200000000,-1.028520,20.486619,1.899967
1573810448.400000000,-1.028520,20.486619,1.889967
1573810448.600000000,-1.028520,20.486619,1.879967
1573810448.800000000,-1.028520,20.486619,1.889967
1573810449.0,-1.028520,20.671175,1.879966
1573810449.200000000,-1.028520,20.671175,1.869966
1573810449.400000000,-1.199872,20.671175,1.839966
1573810449.600000000,-1.199872,20.671175,1.829966
1573810449.800000000,-1.199872,20.671175,1.839966
1573810450.0,-1.028520,20.671175,1.859966
1573810450.200000000,-1.028520,20.486619,1.869967
1573810450.400000000,-1.028520,20.486618,1.849967
1573810450.600000000,-1.028520,20.302051,1.829967
1573810450.800000000,-1.028520,20.302051,1.849967
1573810451.0,-1.028520,20.302051,1.829967
1573810451.200000000,-0.857066,20.117483,1.829968
1573810451.400000000,-0.857066,19.932926,1.799969
1573810451.600000000,-0.857066,19.932926,1.819969
1573810451.800000000,-0.857066,19.748358,1.839969
1573810452.0,-0.857066,19.748358,1.849969
1573810452.200000000,-0.685612,19.563790,1.819970
1573810452.400000000,-0.685612,19.563790,1.809970
1573810452.600000000,-0.685612,19.379234,1.809970
1573810452.800000000,-0.514260,19.379234,1.799970
1573810453.0,-0.514260,19.194666,1.769971
1573810453.200000000,-0.514260,19.194666,1.789971
1573810453.400000000,-0.514260,19.010098,1.799972
1573810453.600000000,-0.514260,18.825541,1.769972
1573810453.800000000,-0.342806,18.825541,1.749972
1573810454.0,-0.342806,18.640973,1.739973
1573810454.200000000,-0.342806,18.640973,1.749973
1573810454.400000000,-0.342806,18.456405,1.749973
1573810454.600000000,-0.342806,18.456405,1.769973
1573810454.800000000,-0.171352,18.271849,1.789974
1573810455.0,-0.171352,18.087281,1.769974
1573810455.200000000,-0.171352,18.087281,1.719974
1573810455.400000000,-0.171352,17.902713,1.699975
1573810455.600000000,-0.171352,17.902713,1.679975
1573810455.800000000,-0.171352,17.718156,1.679975
1573810456.0,-0.171352,17.533588,1.689976
1573810456.200000000,-0.000000,17.349020,1.699976
1573810456.400000000,-0.000000,17.349020,1.699976
1573810456.600000000,-0.000000,17.164464,1.679977
1573810456.800000000,-0.000000,17.164463,1.629977
1573810457.0,-0.000000,16.979896,1.639977
1573810457.200000000,0.171454,16.795328,1.659978
1573810457.400000000,0.171454,16.795328,1.649978
1573810457.600000000,0.171454,16.610771,1.659978
1573810457.800000000,0.171454,16.426203,1.669979
1573810458.0,0.171454,16.426203,1.659979
1573810458.200000000,0.342909,16.241635,1.609979
1573810458.400000000,0.342909,16.057079,1.609980
1573810458.600000000,0.342909,16.057079,1.609980
1573810458.800000000,0.342909,15.872511,1.619980
1573810459.0,0.342909,15.687943,1.609981
1573810459.200000000,0.342909,15.687943,1.629981
1573810459.400000000,0.342909,15.503386,1.609981
1573810459.600000000,0.514260,15.503386,1.539981
1573810459.800000000,0.514260,15.318818,1.559981
1573810460.0,0.514260,15.134251,1.579982
1573810460.200000000,0.514260,15.134250,1.509982
1573810460.400000000,0.514260,14.949694,1.549982
1573810460.600000000,0.514260,14.765126,1.549983
1573810460.800000000,0.514260,14.765126,1.499983
1573810461.0,0.514260,14.580558,1.459983
1573810461.200000000,0.514260,14.580558,1.469983
1573810461.400000000,0.685715,14.396001,1.499984
1573810461.600000000,0.685715,14.396001,1.469984
1573810461.800000000,0.685715,14.211433,1.469984
1573810462.0,0.685715,14.211433,1.479984
1573810462.200000000,0.685715,14.026866,1.489984
1573810462.400000000,0.685715,13.842309,1.469985
1573810462.600000000,0.685715,13.842309,1.439985
1573810462.800000000,0.685715,13.657741,1.409985
1573810463.0,0.685715,13.657741,1.399985
1573810463.200000000,0.857169,13.473173,1.409986
1573810463.400000000,0.857169,13.288616,1.389986
1573810463.600000000,0.857169,13.288616,1.379986
1573810463.800000000,0.857169,13.104049,1.419986
1573810464.0,0.857169,12.919481,1.349987
1573810464.200000000,0.857169,12.919481,1.339987
1573810464.400000000,0.857169,12.734924,1.339987
1573810464.600000000,0.857169,12.734924,1.339987
1573810464.800000000,1.028521,12.550356,1.319988
1573810465.0,1.028521,12.365788,1.309988
1573810465.200000000,1.028521,12.365788,1.299988
1573810465.400000000,1.028521,12.181232,1.349988
1573810465.600000000,1.028521,12.181231,1.269988
1573810465.800000000,1.028521,11.996664,1.279989
1573810466.0,1.028521,11.812096,1.299989
1573810466.200000000,1.028521,11.812096,1.279989
1573810466.400000000,1.028521,11.627539,1.269989
1573810466.600000000,1.028521,11.442971,1.309990
1573810466.800000000,1.028521,11.442971,1.289990
1573810467.0,1.028521,11.258404,1.279990
1573810467.200000000,1.028521,11.073847,1.249990
1573810467.400000000,1.028521,11.073847,1.299990
1573810467.600000000,1.028521,10.889279,1.279991
1573810467.800000000,1.028521,10.704711,1.259991
1573810468.0,0.857169,10.520154,1.269991
1573810468.200000000,0.857169,10.520154,1.249991
1573810468.400000000,0.857169,10.335587,1.239992
1573810468.600000000,0.857169,10.335586,1.189992
1573810468.800000000,0.685715,10.151019,1.209992
1573810469.0,0.685715,9.966462,1.219992
1573810469.200000000,0.685715,9.966462,1.189992
1573810469.400000000,0.514260,9.966462,1.209992
1573810469.600000000,0.514260,9.781894,1.229992
1573810469.800000000,0.342909,9.781894,1.209992
1573810470.0,0.342909,9.781894,1.159992
1573810470.200000000,0.171454,9.781894,1.169992
1573810470.400000000,0.171454,9.781894,1.179992
1573810470.600000000,-0.000000,9.597326,1.199993
1573810470.800000000,-0.000000,9.597326,1.219993
1573810471.0,-0.171352,9.412770,1.229993
1573810471.200000000,-0.171352,9.412770,1.239993
1573810471.400000000,-0.171352,9.412770,1.239993
1573810471.600000000,-0.342806,9.228202,1.199993
1573810471.800000000,-0.342806,9.228202,1.189993
1573810472.0,-0.514260,9.228202,1.169993
1573810472.200000000,-0.514261,9.043634,1.169994
1573810472.400000000,-0.685612,8.859077,1.189994
1573810472.600000000,-0.685612,8.859077,1.189994
1573810472.800000000,-0.685612,8.674510,1.219994
1573810473.0,-0.857067,8.674509,1.189994
1573810473.200000000,-0.857067,8.674509,1.179994
1573810473.400000000,-1.028521,8.489942,1.159994
1573810473.600000000,-1.028521,8.489942,1.149994
1573810473.800000000,-1.199873,8.305385,1.169994
1573810474.0,-1.199873,8.305385,1.169994
1573810474.200000000,-1.199873,8.120817,1.239995
1573810474.400000000,-1.371327,8.120817,1.189995
1573810474.600000000,-1.371327,7.936249,1.179995
1573810474.800000000,-1.542782,7.936249,1.159995
1573810475.0,-1.542782,7.751693,1.119995
1573810475.200000000,-1.714133,7.751693,1.169995
1573810475.400000000,-1.714133,7.567125,1.159995
1573810475.600000000,-1.714133,7.382557,1.179995
1573810475.800000000,-1.714133,7.382557,1.219995
1573810476.0,-1.714133,7.198000,1.189996
1573810476.200000000,-1.714133,7.013433,1.169996
1573810476.400000000,-1.714133,7.013433,1.129996
1573810476.600000000,-1.714133,6.828865,1.169996
1573810476.800000000,-1.714133,6.644308,1.129996
1573810477.0,-1.714133,6.459740,1.159996
1573810477.200000000,-1.714133,6.459740,1.179996
1573810477.400000000,-1.714133,6.275172,1.159997
1573810477.600000000,-1.542782,6.275172,1.139997
1573810477.800000000,-1.542782,6.090616,1.119997
1573810478.0,-1.542782,6.090616,1.159997
1573810478.200000000,-1.542782,5.906048,1.119997
1573810478.400000000,-1.371327,5.721480,1.129997
1573810478.600000000,-1.371327,5.721480,1.179997
1573810478.800000000,-1.371327,5.536923,1.129997
1573810479.0,-1.371327,5.536923,1.119997
1573810479.200000000,-1.371327,5.352355,1.119998
1573810479.400000000,-1.199873,5.167788,1.099998
1573810479.600000000,-1.199873,5.167788,1.109998
1573810479.800000000,-1.199873,4.983231,1.129998
1573810480.0,-1.199873,4.798663,1.119998
1573810480.200000000,-1.199873,4.614095,1.069998
1573810480.400000000,-1.199873,4.614095,1.059998
1573810480.600000000,-1.199873,4.429539,1.049998
1573810480.800000000,-1.199873,4.244971,1.029998
1573810481.0,-1.199873,4.244971,1.029998
1573810481.200000000,-1.028521,4.060403,1.049999
1573810481.400000000,-1.028521,3.875846,1.049999
1573810481.600000000,-1.028521,3.691278,1.039999
1573810481.800000000,-1.028521,3.506711,1.039999
1573810482.0,-1.028521,3.506711,1.019999
1573810482.200000000,-1.028521,3.322154,1.019999
1573810482.400000000,-1.028521,3.137586,1.039999
1573810482.600000000,-0.857067,2.953018,1.049999
1573810482.800000000,-0.857067,2.768462,1.039999
1573810483.0,-0.857067,2.768462,1.029999
1573810483.200000000,-0.685612,2.583894,1.039999
1573810483.400000000,-0.685612,2.399326,1.070000
1573810483.600000000,-0.685612,2.214769,1.050000
1573810483.800000000,-0.514261,2.214769,1.060000
1573810484.0,-0.514261,2.030201,1.060000
1573810484.200000000,-0.514261,1.845634,1.030000
1573810484.400000000,-0.514261,1.661077,1.020000
1573810484.600000000,-0.514261,1.661077,1.040000
1573810484.800000000,-0.514261,1.476509,1.030000
1573810485.0,-0.514261,1.291941,1.010000
1573810485.200000000,-0.514261,1.107385,1.020000
1573810485.400000000,-0.514261,1.107385,1.010000
1573810485.600000000,-0.514261,0.922817,0.990000
1573810485.800000000,-0.514261,0.738249,1.000000
1573810486.0,-0.514261,0.738249,1.000000
1573810486.200000000,-0.514261,0.553692,1.010000
1573810486.400000000,-0.514261,0.369125,1.010000
1573810486.600000000,-0.514261,0.369125,1.040000
1573810486.800000000,-0.342806,0.184557,1.000000
1573810487.0,-0.342806,0.000000,0.990000
1573810487.200000000,-0.342806,0.000000,0.990000
1573810487.400000000,-0.171352,0.000000,0.990000
1573810487.600000000,-0.171352,-0.184568,1.000000
1573810487.800000000,-0.171352,-0.184568,0.980000
1573810488.0,-0.000000,-0.184568,0.920000
1573810488.200000000,-0.000000,-0.369136,0.890000
1573810488.400000000,-0.000000,-0.369136,0.910000
1573810488.600000000,-0.000000,-0.369136,0.870000
1573810488.800000000,0.171455,-0.369136,0.830000
1573810489.0,0.171455,-0.369136,0.760000
1573810489.200000000,0.171455,-0.369136,0.720000
1573810489.400000000,0.171455,-0.369136,0.620000
1573810489.600000000,0.171455,-0.369136,0.460000
1573810489.800000000,0.342909,-0.369136,0.320000
1573810490.0,0.342909,-0.369136,0.180000
1573810490.200000000,0.342909,-0.184568,0.060000
1573810490.400000000,0.342909,-0.184568,-0.060000
1573810490.600000000,0.342909,-0.184568,-0.070000
1573810490.800000000,0.342909,-0.184568,-0.120000
1573810491.0,0.342909,-0.184568,-0.170000
1573810491.200000000,0.342909,-0.184568,-0.200000
1573810491.400000000,0.342909,-0.184568,-0.240000
1573810491.600000000,0.342909,-0.184568,-0.240000
1573810491.800000000,0.342909,-0.184568,-0.250000
1573810492.0,0.342909,-0.184568,-0.240000
1573810492.200000000,0.342909,-0.184568,-0.250000
1573810492.400000000,0.342909,-0.184568,-0.250000
1573810492.600000000,0.342909,-0.184568,-0.250000
1573810492.800000000,0.342909,-0.184568,-0.250000
1573810493.0,0.342909,-0.184568,-0.250000
1573810493.200000000,0.342909,-0.184568,-0.260000
1573810493.400000000,0.342909,-0.184568,-0.240000
1573810493.600000000,0.342909,-0.184568,-0.240000
1573810493.800000000,0.342909,-0.184568,-0.230000
1573810494.0,0.342909,-0.184568,-0.240000
1573810494.200000000,0.342909,-0.184568,-0.230000
1573810494.400000000,0.342909,-0.184568,-0.230000
1573810494.600000000,0.342909,-0.184568,-0.230000
1573810494.800000000,0.342909,-0.184568,-0.230000
1573810495.0,0.342909,-0.184568,-0.220000
1573810495.200000000,0.342909,-0.184568,-0.220000
1573810495.400000000,0.342909,-0.184568,-0.230000
1573810495.600000000,0.342909,-0.184568,-0.230000
1573810495.800000000,0.342909,-0.184568,-0.220000
1573810496.0,0.342909,-0.184568,-0.220000
1573810496.200000000,0.342909,-0.184568,-0.230000
1573810496.400000000,0.342909,-0.184568,-0.230000
1573810496.600000000,0.342909,-0.184568,-0.220000
1573810496.800000000,0.342909,-0.184568,-0.210000
1573810497.0,0.342909,-0.184568,-0.240000
1573810497.200000000,0.342909,-0.184568,-0.190000
1573810497.400000000,0.342909,-0.184568,-0.160000
1573810497.600000000,0.342909,-0.184568,-0.090000
1573810497.800000000,0.342909,-0.184568,-0.040000
1573810498.0,0.342909,-0.184568,0.090000
1573810498.200000000,0.342909,-0.184568,0.200000
1573810498.400000000,0.342909,-0.184568,0.360000
1573810498.600000000,0.342909,-0.184568,0.490000
1573810498.800000000,0.342909,-0.184568,0.610000
1573810499.0,0.342909,-0.369136,0.710000
1573810499.200000000,0.342909,-0.369136,0.740000
1573810499.400000000,0.342909,-0.369136,0.750000
1573810499.600000000,0.514261,-0.553692,0.820000
1573810499.800000000,0.514261,-0.553692,0.860000
1573810500.0,0.514261,-0.553692,0.880000
1573810500.200000000,0.685715,-0.738260,0.900000
1573810500.400000000,0.685715,-0.738260,0.970000
1573810500.600000000,0.857170,-0.738260,0.940000
1573810500.800000000,1.028522,-0.922828,0.950000
1573810501.0,1.028522,-0.922828,0.970000
1573810501.200000000,1.199976,-1.107385,0.980000
1573810501.400000000,1.371431,-1.107385,0.960000
1573810501.600000000,1.371431,-1.107385,0.950000
1573810501.800000000,1.542782,-1.107385,0.970000
1573810502.0,1.542783,-1.291952,0.960000
1573810502.200000000,1.714237,-1.291952,0.960000
1573810502.400000000,1.885692,-1.291952,0.960000
1573810502.600000000,1.885692,-1.476520,0.950000
1573810502.800000000,2.057043,-1.476520,0.959999
1573810503.0,2.228498,-1.476520,0.899999
1573810503.200000000,2.228498,-1.661077,0.909999
1573810503.400000000,2.399952,-1.661077,0.909999
1573810503.600000000,2.399953,-1.845645,0.909999
1573810503.800000000,2.399953,-1.845645,0.919999
1573810504.0,2.571304,-2.030212,0.899999
1573810504.200000000,2.571304,-2.214769,0.889999
1573810504.400000000,2.571304,-2.214769,0.869999
1573810504.600000000,2.399953,-2.399337,0.839999
1573810504.800000000,2.571304,-2.583905,0.849999
1573810505.0,2.571304,-2.583905,0.829999
1573810505.200000000,2.571304,-2.768461,0.859999
1573810505.400000000,2.571304,-2.768461,0.899999
1573810505.600000000,2.742759,-2.953029,0.889999
1573810505.800000000,2.742759,-2.953029,0.909999
1573810506.0,2.742759,-3.137597,0.879999
1573810506.200000000,2.742759,-3.322154,0.869999
1573810506.400000000,2.742759,-3.322154,0.869999
1573810506.600000000,2.914214,-3.506721,0.859998
1573810506.800000000,2.914214,-3.506721,0.849998
1573810507.0,3.085565,-3.691289,0.889998
1573810507.200000000,3.085565,-3.691289,0.859998
1573810507.400000000,3.257020,-3.691289,0.839998
1573810507.600000000,3.257020,-3.875846,0.809998
1573810507.800000000,3.428475,-3.875846,0.819998
1573810508.0,3.428475,-3.875846,0.809998
1573810508.200000000,3.599826,-4.060413,0.809998
1573810508.400000000,3.599826,-4.060413,0.809998
1573810508.600000000,3.771281,-4.244981,0.799997
1573810508.800000000,3.771281,-4.244981,0.799997
1573810509.0,3.942736,-4.244981,0.779997
1573810509.200000000,4.114087,-4.429538,0.759997
1573810509.400000000,4.285542,-4.429538,0.749997
1573810509.600000000,4.285542,-4.614105,0.759997
1573810509.800000000,4.456997,-4.614105,0.739997
1573810510.0,4.628348,-4.798673,0.789997
1573810510.200000000,4.628348,-4.798673,0.749997
1573810510.400000000,4.799803,-4.798673,0.729996
1573810510.600000000,4.799803,-4.983230,0.759996
1573810510.800000000,4.971258,-4.983230,0.749996
1573810511.0,4.971258,-4.983230,0.739996
1573810511.200000000,5.142609,-5.167797,0.719996
1573810511.400000000,5.314064,-5.352365,0.769996
1573810511.600000000,5.314064,-5.352365,0.779996
1573810511.800000000,5.485519,-5.352365,0.719995
1573810512.0,5.485519,-5.352365,0.689995
1573810512.200000000,5.656871,-5.536922,0.719995
1573810512.400000000,5.828325,-5.536922,0.729995
1573810512.600000000,5.828325,-5.536922,0.719995
1573810512.800000000,5.999780,-5.721489,0.749995
1573810513.0,6.171132,-5.721489,0.769994
1573810513.200000000,6.342586,-5.721489,0.719994
1573810513.400000000,6.342586,-5.906057,0.679994
1573810513.600000000,6.514041,-5.906057,0.699994
1573810513.800000000,6.685393,-5.906057,0.689994
1573810514.0,6.685393,-6.090614,0.709994
1573810514.200000000,6.856847,-6.090614,0.689993
1573810514.400000000,6.856847,-6.090614,0.669993
1573810514.600000000,7.028302,-6.275181,0.669993
1573810514.800000000,7.199654,-6.275181,0.679993
1573810515.0,7.199654,-6.275181,0.689993
1573810515.200000000,7.371108,-6.275181,0.689993
1573810515.400000000,7.542563,-6.275181,0.649992
1573810515.600000000,7.542563,-6.459749,0.669992
1573810515.800000000,7.713915,-6.459749,0.679992
1573810516.0,7.713915,-6.459749,0.669992
1573810516.200000000,7.885369,-6.459749,0.629992
1573810516.400000000,8.056824,-6.459748,0.629992
1573810516.600000000,8.056824,-6.275181,0.649992
1573810516.800000000,8.228176,-6.275181,0.639992
1573810517.0,8.399630,-6.275181,0.649991
1573810517.200000000,8.571085,-6.275180,0.649991
1573810517.400000000,8.571085,-6.090613,0.669991
1573810517.600000000,8.742436,-6.090613,0.659991
1573810517.800000000,8.742436,-6.090613,0.649991
1573810518.0,8.913891,-5.906056,0.659991
1573810518.200000000,8.913891,-5.906056,0.649991
1573810518.400000000,9.085346,-5.906056,0.629991
1573810518.600000000,9.256697,-5.906056,0.649991
1573810518.800000000,9.256697,-5.906056,0.669991
1573810519.0,9.428152,-6.090612,0.639990
1573810519.200000000,9.599607,-5.906055,0.629990
1573810519.400000000,9.599607,-5.906055,0.639990
1573810519.600000000,9.770958,-5.906055,0.629990
1573810519.800000000,9.770958,-5.906055,0.609990
1573810520.0,9.942413,-6.090612,0.619989
1573810520.200000000,9.942413,-6.090612,0.609989
1573810520.400000000,10.113868,-6.090612,0.579989
1573810520.600000000,10.285219,-6.090612,0.589989
1573810520.800000000,10.285219,-6.090612,0.599989
1573810521.0,10.456674,-6.090611,0.599989
1573810521.200000000,10.456674,-6.090611,0.569989
1573810521.400000000,10.628129,-6.090611,0.609988
1573810521.600000000,10.799480,-6.090611,0.639988
1573810521.800000000,10.799480,-6.090611,0.609988
1573810522.0,10.970935,-6.090611,0.579988
1573810522.200000000,11.142389,-6.090611,0.579987
1573810522.400000000,11.313741,-6.090611,0.589987
1573810522.600000000,11.313741,-6.090611,0.569987
1573810522.800000000,11.485196,-6.090611,0.569987
1573810523.0,11.656650,-6.090611,0.549986
1573810523.200000000,11.828002,-6.090610,0.519986
1573810523.400000000,11.828002,-6.090610,0.529986
1573810523.600000000,11.999457,-6.090610,0.519986
1573810523.800000000,12.170911,-6.090610,0.509985
1573810524.0,12.170911,-5.906053,0.499986
1573810524.200000000,12.342263,-5.906053,0.509985
1573810524.400000000,12.513717,-5.906053,0.509985
1573810524.600000000,12.513717,-5.906053,0.489985
1573810524.800000000,12.685172,-5.906053,0.479985
1573810525.0,12.856524,-5.906053,0.509984
1573810525.200000000,12.856524,-5.906053,0.489984
1573810525.400000000,13.027978,-5.906053,0.479984
1573810525.600000000,13.199433,-5.721485,0.469984
1573810525.800000000,13.199433,-5.721485,0.449984
1573810526.0,13.370784,-5.721485,0.439983
1573810526.200000000,13.542239,-5.721484,0.429983
1573810526.400000000,13.542239,-5.721484,0.439983
1573810526.600000000,13.713694,-5.721484,0.439983
1573810526.800000000,13.885045,-5.721484,0.419982
1573810527.0,14.056500,-5.721484,0.429982
1573810527.200000000,14.056500,-5.721484,0.409982
1573810527.400000000,14.227954,-5.721484,0.359982
1573810527.600000000,14.399306,-5.536916,0.359981
1573810527.800000000,14.399306,-5.536916,0.339981
1573810528.0,14.570761,-5.536916,0.359981
1573810528.200000000,14.742215,-5.536915,0.369981
1573810528.400000000,14.913567,-5.352359,0.369980
1573810528.600000000,14.913567,-5.352359,0.329980
1573810528.800000000,15.085021,-5.352358,0.339980
1573810529.0,15.085021,-5.352358,0.359980
1573810529.200000000,15.256476,-5.352358,0.359980
1573810529.400000000,15.256476,-5.167790,0.359980
1573810529.600000000,15.427828,-5.167790,0.399979
1573810529.800000000,15.599282,-5.167790,0.409979
1573810530.0,15.599282,-5.352358,0.399979
1573810530.200000000,15.770737,-5.352358,0.399978
1573810530.400000000,15.770737,-5.352358,0.359978
1573810530.600000000,15.942089,-5.352358,0.339978
1573810530.800000000,15.942089,-5.352358,0.349978
1573810531.0,16.113543,-5.352357,0.369977
1573810531.200000000,16.284998,-5.352357,0.399977
1573810531.400000000,16.456350,-5.352357,0.389977
1573810531.600000000,16.456349,-5.352357,0.329977
1573810531.800000000,16.627804,-5.352357,0.309976
1573810532.0,16.627804,-5.167789,0.319976
1573810532.200000000,16.799258,-5.167789,0.319976
1573810532.400000000,16.799258,-4.983221,0.289976
1573810532.600000000,16.970610,-4.983221,0.279975
1573810532.800000000,16.970610,-4.798664,0.269976
1573810533.0,16.970609,-4.614096,0.229976
1573810533.200000000,16.970609,-4.614096,0.219976
1573810533.400000000,16.970609,-4.429529,0.219976
1573810533.600000000,17.142063,-4.244972,0.219976
1573810533.800000000,17.142063,-4.060404,0.219976
1573810534.0,17.142063,-4.060404,0.199976
1573810534.200000000,17.142063,-3.875836,0.169976
1573810534.400000000,16.970608,-3.875836,0.169976
1573810534.600000000,16.970608,-3.691280,0.179976
1573810534.800000000,16.970608,-3.691280,0.219976
1573810535.0,16.799256,-3.506712,0.259977
1573810535.200000000,16.799256,-3.506712,0.229977
1573810535.400000000,16.627802,-3.506712,0.259977
1573810535.600000000,16.627802,-3.506712,0.309977
1573810535.800000000,16.456347,-3.506712,0.339978
1573810536.0,16.284996,-3.506713,0.319978
1573810536.200000000,16.113541,-3.506713,0.339979
1573810536.400000000,16.113541,-3.506713,0.359979
1573810536.600000000,15.942087,-3.691281,0.399979
1573810536.800000000,15.770735,-3.691281,0.419979
1573810537.0,15.599281,-3.691281,0.449980
1573810537.200000000,15.599281,-3.691281,0.469980
1573810537.400000000,15.427826,-3.691281,0.469980
1573810537.600000000,15.256475,-3.875838,0.439981
1573810537.800000000,15.256475,-3.875838,0.439981
1573810538.0,15.085020,-4.060406,0.459981
1573810538.200000000,14.913566,-4.060406,0.419981
1573810538.400000000,14.742214,-4.060407,0.449982
1573810538.600000000,14.742214,-4.060407,0.499982
1573810538.800000000,14.570760,-4.244974,0.489982
1573810539.0,14.399305,-4.244975,0.469982
1573810539.200000000,14.227953,-4.429532,0.489983
1573810539.400000000,14.227954,-4.429532,0.499983
1573810539.600000000,14.056499,-4.429532,0.469983
1573810539.800000000,13.885044,-4.429532,0.489983
1573810540.0,13.885044,-4.429532,0.519983
1573810540.200000000,13.713693,-4.429532,0.539984
1573810540.400000000,13.542238,-4.429532,0.509984
1573810540.600000000,13.542238,-4.429532,0.499984
1573810540.800000000,13.370784,-4.429532,0.529984
1573810541.0,13.199432,-4.429532,0.529985
1573810541.200000000,13.199432,-4.429532,0.529985
1573810541.400000000,13.027977,-4.244976,0.549985
1573810541.600000000,12.856523,-4.244976,0.609986
1573810541.800000000,12.856523,-4.244976,0.559986
1573810542.0,12.685171,-4.244976,0.589986
1573810542.200000000,12.513716,-4.244976,0.609986
1573810542.400000000,12.513716,-4.244976,0.629986
1573810542.600000000,12.342262,-4.244977,0.619987
1573810542.800000000,12.170910,-4.244977,0.609987
1573810543.0,12.170910,-4.244977,0.629987
1573810543.200000000,11.999455,-4.244977,0.629987
1573810543.400000000,11.828001,-4.244977,0.629988
1573810543.600000000,11.656649,-4.244977,0.649988
1573810543.800000000,11.656649,-4.244977,0.639988
1573810544.0,11.485195,-4.244977,0.689988
1573810544.200000000,11.313740,-4.244977,0.689989
1573810544.400000000,11.142388,-4.244977,0.659989
1573810544.600000000,10.970934,-4.244978,0.689989
1573810544.800000000,10.799479,-4.244978,0.669989
1573810545.0,10.799479,-4.244978,0.669989
1573810545.200000000,10.628128,-4.429535,0.679990
1573810545.400000000,10.456673,-4.429535,0.689990
1573810545.600000000,10.285218,-4.614103,0.659990
1573810545.800000000,10.285218,-4.614103,0.659990
1573810546.0,10.285219,-4.798670,0.679990
1573810546.200000000,10.113867,-4.798670,0.679990
1573810546.400000000,10.113867,-4.983227,0.649990
1573810546.600000000,10.113867,-5.167795,0.709990
1573810546.800000000,10.113867,-5.167795,0.719990
1573810547.0,9.942412,-5.167795,0.679990
1573810547.200000000,9.942413,-5.352363,0.679990
1573810547.400000000,9.770958,-5.352363,0.679990
1573810547.600000000,9.770958,-5.352363,0.669990
1573810547.800000000,9.599606,-5.536920,0.719990
1573810548.0,9.599606,-5.536920,0.709990
1573810548.200000000,9.428152,-5.721488,0.709990
1573810548.400000000,9.428152,-5.721488,0.729990
1573810548.600000000,9.256697,-5.721488,0.729991
1573810548.800000000,9.085346,-5.721488,0.729991
1573810549.0,8.913891,-5.721488,0.709991
1573810549.200000000,8.913891,-5.721488,0.729991
1573810549.400000000,8.742436,-5.536920,0.739992
1573810549.600000000,8.571085,-5.536921,0.779992
1573810549.800000000,8.399630,-5.536921,0.799992
1573810550.0,8.399630,-5.352364,0.829992
1573810550.200000000,8.228175,-5.352364,0.799992
1573810550.400000000,8.056824,-5.352364,0.819993
1573810550.600000000,7.885369,-5.167796,0.839993
1573810550.800000000,7.713914,-5.167797,0.839993
1573810551.0,7.542563,-5.167797,0.859993
1573810551.200000000,7.542563,-5.167797,0.879993
1573810551.400000000,7.371108,-5.167797,0.889994
1573810551.600000000,7.199653,-5.167797,0.859994
1573810551.800000000,7.028302,-4.983229,0.879994
1573810552.0,7.028302,-4.983229,0.869994
1573810552.200000000,6.856847,-4.983229,0.859994
1573810552.400000000,6.856847,-4.798672,0.889995
1573810552.600000000,6.685392,-4.798673,0.909995
1573810552.800000000,6.685392,-4.798673,0.899995
1573810553.0,6.514041,-4.798673,0.869995
1573810553.200000000,6.342586,-4.798673,0.889995
1573810553.400000000,6.342586,-4.614105,0.879995
1573810553.600000000,6.171131,-4.614105,0.859995
1573810553.800000000,6.171131,-4.429537,0.879995
1573810554.0,5.999779,-4.429537,0.909996
1573810554.200000000,5.828325,-4.429537,0.899996
1573810554.400000000,5.656870,-4.429537,0.889996
1573810554.600000000,5.485519,-4.429537,0.909996
1573810554.800000000,5.485519,-4.429537,0.919996
1573810555.0,5.314064,-4.244981,0.889996
1573810555.200000000,5.142609,-4.244981,0.909997
1573810555.400000000,5.142609,-4.060413,0.939997
1573810555.600000000,4.971257,-4.060413,0.919997
1573810555.800000000,4.799803,-4.060413,0.899997
1573810556.0,4.799803,-4.060413,0.919997
1573810556.200000000,4.628348,-3.875845,0.899997
1573810556.400000000,4.628348,-3.875845,0.909997
1573810556.600000000,4.628348,-3.691289,0.919997
1573810556.800000000,4.456996,-3.691289,0.949997
1573810557.0,4.285542,-3.691289,0.939997
1573810557.200000000,4.285542,-3.691289,0.939997
1573810557.400000000,4.114087,-3.691289,0.939998
1573810557.600000000,3.942736,-3.506721,0.939998
1573810557.800000000,3.942736,-3.506721,0.949998
1573810558.0,3.771281,-3.322153,0.959998
1573810558.200000000,3.599826,-3.322153,0.969998
1573810558.400000000,3.599826,-3.137597,0.979998
1573810558.600000000,3.428475,-3.137597,0.989998
1573810558.800000000,3.257020,-3.137597,0.989998
1573810559.0,3.257020,-3.137597,1.009998
1573810559.200000000,3.085565,-3.137597,1.039998
1573810559.400000000,3.085565,-2.953029,1.049999
1573810559.600000000,2.914214,-2.953029,1.019999
1573810559.800000000,2.914214,-2.953029,1.039999
1573810560.0,2.742759,-2.953029,1.049999
1573810560.200000000,2.571304,-2.953029,1.039999
1573810560.400000000,2.399953,-2.953029,1.019999
1573810560.600000000,2.399953,-2.768461,1.029999
1573810560.800000000,2.399953,-2.768461,1.009999
1573810561.0,2.399953,-2.768461,0.989999
1573810561.200000000,2.228498,-2.583905,1.029999
1573810561.400000000,2.228498,-2.583905,1.049999
1573810561.600000000,2.057044,-2.399337,1.049999
1573810561.800000000,2.057044,-2.399337,1.019999
1573810562.0,1.885692,-2.399337,1.059999
1573810562.200000000,1.885692,-2.214769,1.029999
1573810562.400000000,1.714237,-2.214769,1.029999
1573810562.600000000,1.714237,-2.214769,1.039999
1573810562.800000000,1.542783,-2.214769,1.059999
1573810563.0,1.542783,-2.214769,1.059999
1573810563.200000000,1.371431,-2.214769,1.059999
1573810563.400000000,1.199976,-2.030212,1.040000
1573810563.600000000,1.199976,-2.030212,1.050000
1573810563.800000000,1.028522,-2.030212,1.050000
1573810564.0,1.028522,-2.030213,1.060000
1573810564.200000000,1.028522,-2.030212,1.050000
1573810564.400000000,0.857170,-2.030213,1.060000
1573810564.600000000,0.857170,-1.845645,1.080000
1573810564.800000000,0.857170,-1.845645,1.110000
1573810565.0,0.685715,-1.661077,1.110000
1573810565.200000000,0.685715,-1.661077,1.110000
1573810565.400000000,0.685715,-1.476520,1.100000
1573810565.600000000,0.685715,-1.476520,1.100000
1573810565.800000000,0.685715,-1.291952,1.110000
1573810566.0,0.685715,-1.291952,1.120000
1573810566.200000000,0.514261,-1.107385,1.150000
1573810566.400000000,0.514261,-1.107385,1.130000
1573810566.600000000,0.342909,-0.922828,1.120000
1573810566.800000000,0.342909,-0.922828,1.080000
1573810567.0,0.171455,-0.922828,1.100000
1573810567.200000000,0.171455,-0.738260,1.080000
1573810567.400000000,0.171455,-0.738260,1.110000
1573810567.600000000,0.171455,-0.738260,1.100000
1573810567.800000000,0.171455,-0.553692,1.050000
1573810568.0,0.171455,-0.553692,1.050000
1573810568.200000000,0.171455,-0.553692,1.060000
1573810568.400000000,0.171455,-0.553692,1.020000
1573810568.600000000,0.171455,-0.369136,0.950000
1573810568.800000000,0.171455,-0.369136,0.870000
1573810569.0,0.171455,-0.369136,0.730000
1573810569.200000000,0.171455,-0.369136,0.580000
1573810569.400000000,0.171455,-0.369136,0.430000
1573810569.600000000,0.342909,-0.369136,0.300000
1573810569.800000000,0.342909,-0.369136,0.260000
1573810570.0,0.342909,-0.369136,0.180000
1573810570.200000000,0.342909,-0.369136,0.110000
1573810570.400000000,0.342909,-0.369136,0.060000
1573810570.600000000,0.342909,-0.369136,0.040000
1573810570.800000000,0.342909,-0.369136,-0.000000
1573810571.0,0.342909,-0.369136,0.010000
1573810571.200000000,0.342909,-0.369136,0.010000
1573810571.400000000,0.342909,-0.369136,-0.020000
1573810571.600000000,0.342909,-0.369136,0.010000
1573810571.800000000,0.342909,-0.369136,-0.040000
1573810572.0,0.342909,-0.369136,-0.030000
1573810572.200000000,0.342909,-0.369136,-0.040000
1573810572.400000000,0.342909,-0.369136,-0.040000
1573810572.600000000,0.342909,-0.369136,-0.030000
1573810572.800000000,0.342909,-0.369136,-0.020000
1573810573.0,0.342909,-0.369136,-0.030000
1573810573.200000000,0.342909,-0.369136,-0.020000
1573810573.400000000,0.342909,-0.369136,-0.020000
1573810573.600000000,0.342909,-0.369136,-0.020000
1573810573.800000000,0.342909,-0.369136,-0.020000
1573810574.0,0.342909,-0.369136,-0.000000
1573810574.200000000,0.342909,-0.369136,-0.000000
1573810574.400000000,0.342909,-0.369136,-0.010000
1573810574.600000000,0.342909,-0.369136,0.010000
1573810574.800000000,0.342909,-0.369136,-0.000000
1573810575.0,0.342909,-0.369136,-0.000000
1573810575.200000000,0.342909,-0.369136,-0.000000
1573810575.400000000,0.342909,-0.369136,0.010000
1573810575.600000000,0.342909,-0.369136,-0.010000
1573810575.800000000,0.342909,-0.369136,-0.010000
1573810576.0,0.342909,-0.369136,-0.000000
1573810576.200000000,0.342909,-0.369136,-0.000000
1573810576.400000000,0.342909,-0.369136,0.010000
1573810576.600000000,0.342909,-0.369136,-0.010000
1573810576.800000000,0.342909,-0.369136,-0.010000
1573810577.0,0.342909,-0.369136,-0.010000
1573810577.200000000,0.342909,-0.369136,-0.000000
1573810577.400000000,0.342909,-0.369136,0.010000
1573810577.600000000,0.342909,-0.369136,-0.000000
1573810577.800000000,0.342909,-0.369136,0.010000
1573810578.0,0.342909,-0.369136,-0.020000
1573810578.200000000,0.342909,-0.369136,-0.010000
1573810578.400000000,0.342909,-0.369136,0.010000
1573810578.600000000,0.342909,-0.369136,-0.000000
1573810578.800000000,0.342909,-0.369136,0.010000
1573810579.0,0.342909,-0.369136,0.020000
1573810579.200000000,0.342909,-0.369136,0.040000
1573810579.400000000,0.342909,-0.369136,0.070000
1573810579.600000000,0.342909,-0.369136,0.130000
1573810579.800000000,0.342909,-0.369136,0.220000
1573810580.0,0.342909,-0.369136,0.250000
1573810580.200000000,0.342909,-0.369136,0.360000
1573810580.400000000,0.342909,-0.369136,0.490000
1573810580.600000000,0.342909,-0.369136,0.640000
1573810580.800000000,0.171455,-0.369136,0.800000
1573810581.0,0.171455,-0.369136,0.950000
1573810581.200000000,0.171455,-0.369136,1.060000
1573810581.400000000,0.171455,-0.369136,1.170000
1573810581.600000000,0.171455,-0.369136,1.240000
1573810581.800000000,0.171455,-0.369136,1.370000
1573810582.0,0.171455,-0.369136,1.420000
1573810582.200000000,0.171455,-0.369136,1.450000
1573810582.400000000,-0.000000,-0.369136,1.520000
1573810582.600000000,-0.000000,-0.369136,1.520000
1573810582.800000000,0.171455,-0.184568,1.580000
1573810583.0,0.171455,-0.184568,1.610000
1573810583.200000000,0.171455,-0.184568,1.650000
1573810583.400000000,0.342909,0.000000,1.660000
1573810583.600000000,0.342909,0.000000,1.610000
1573810583.800000000,0.514261,0.184557,1.650000
1573810584.0,0.514261,0.184557,1.650000
1573810584.200000000,0.685715,0.369125,1.680000
1573810584.400000000,0.685715,0.369125,1.650000
1573810584.600000000,0.857170,0.553692,1.600000
1573810584.800000000,0.857170,0.553692,1.650000
1573810585.0,0.857170,0.553692,1.640000
1573810585.200000000,1.028522,0.553692,1.650000
1573810585.400000000,1.028522,0.553692,1.600000
1573810585.600000000,1.199976,0.553692,1.530000
1573810585.800000000,1.199976,0.553692,1.510000
1573810586.0,1.028522,0.553692,1.450000
1573810586.200000000,1.028522,0.553692,1.370000
1573810586.400000000,1.028522,0.738249,1.300000
1573810586.600000000,1.028522,0.738249,1.230000
1573810586.800000000,1.028522,0.738249,1.190000
1573810587.0,1.028522,0.922817,1.170000
1573810587.200000000,1.028522,0.922817,1.140000
1573810587.400000000,1.028522,0.922817,1.110000
1573810587.600000000,0.857170,1.107385,1.110000
1573810587.800000000,0.857170,1.291941,1.140000
1573810588.0,0.857170,1.291941,1.160000
1573810588.200000000,0.857170,1.476509,1.190000
1573810588.400000000,0.857170,1.661077,1.250000
1573810588.600000000,0.857170,1.661077,1.290000
1573810588.800000000,1.028522,1.845634,1.340000
1573810589.0,1.028522,1.845634,1.420000
1573810589.200000000,1.028522,2.030202,1.470000
1573810589.400000000,1.028522,2.030202,1.500000
1573810589.600000000,0.857170,2.214769,1.500000
1573810589.800000000,0.857170,2.214769,1.560000
1573810590.0,0.857170,2.399326,1.599999
1573810590.200000000,0.857170,2.399326,1.609999
1573810590.400000000,1.028522,2.583894,1.649999
1573810590.600000000,1.028522,2.583894,1.689999
1573810590.800000000,1.028522,2.583894,1.699999
