1573810387.600000000,-2392834.205413,5385324.414295,2431829.086573
1573810387.800000000,-2392834.261660,5385324.540883,2431829.144121
1573810388.0,-2392834.302907,5385324.633715,2431829.186323
1573810388.200000000,-2392834.374152,5385324.794060,2431829.259218
1573810388.400000000,-2392834.445397,5385324.954405,2431829.332112
1573810388.600000000,-2392834.512893,5385325.106310,2431829.401170
1573810388.800000000,-2392834.557890,5385325.207581,2431829.447208
1573810389.0,-2392834.602887,5385325.308851,2431829.493247
1573810389.200000000,-2392834.644134,5385325.401683,2431829.535449
1573810389.400000000,-2392834.645382,5385325.404490,2431829.736575
1573810389.600000000,-2392834.660381,5385325.438247,2431829.751921
1573810389.800000000,-2392834.671630,5385325.463565,2431829.763431
1573810390.0,-2392834.690379,5385325.505761,2431829.782614
1573810390.200000000,-2392834.854562,5385325.453021,2431829.790287
1573810390.400000000,-2392834.862062,5385325.469899,2431829.797960
1573810390.600000000,-2392834.989994,5385325.335570,2431829.968404
1573810390.800000000,-2392834.952496,5385325.251178,2431829.930038
1573810391.0,-2392835.086588,5385325.130966,2431829.907019
1573810391.200000000,-2392835.220773,5385325.010712,2431829.884000
1573810391.400000000,-2392835.169522,5385324.895367,2431830.031425
1573810391.600000000,-2392835.292459,5385324.749795,2431829.996896
1573810391.800000000,-2392835.266210,5385324.690721,2431829.970040
1573810392.0,-2392835.374054,5385324.511434,2431829.920165
1573810392.200000000,-2392835.314058,5385324.376407,2431829.858780
1573810392.400000000,-2392835.254062,5385324.241379,2431829.797395
1573810392.600000000,-2392835.190316,5385324.097913,2431829.732174
1573810392.800000000,-2392835.152818,5385324.013521,2431829.693809
1573810393.0,-2392835.137819,5385323.979764,2431829.678463
1573810393.200000000,-2392835.179067,5385324.072595,2431829.720665
1573810393.400000000,-2392835.242812,5385324.216062,2431829.785886
1573810393.600000000,-2392835.317807,5385324.384846,2431829.862617
1573810393.800000000,-2392835.374054,5385324.511434,2431829.920165
1573810394.0,-2392835.426550,5385324.629583,2431829.973877
1573810394.200000000,-2392835.456548,5385324.697097,2431830.004569
1573810394.400000000,-2392835.333706,5385324.842626,2431830.039098
1573810394.600000000,-2392835.348705,5385324.876383,2431830.054444
1573810394.800000000,-2392835.371204,5385324.927019,2431830.077463
1573810395.0,-2392835.393702,5385324.977654,2431830.100483
1573810395.200000000,-2392835.412451,5385325.019850,2431830.119665
1573810395.400000000,-2392835.419950,5385325.036728,2431830.127338
1573810395.600000000,-2392835.427450,5385325.053607,2431830.135011
1573810395.800000000,-2392835.412451,5385325.019850,2431830.119665
1573810396.0,-2392835.397452,5385324.986093,2431830.104319
1573810396.200000000,-2392835.374953,5385324.935458,2431830.081300
1573810396.400000000,-2392835.352455,5385324.884822,2431830.058281
1573810396.600000000,-2392835.479047,5385324.747732,2431830.027588
1573810396.800000000,-2392835.441549,5385324.663340,2431829.989223
1573810397.0,-2392835.400302,5385324.570508,2431829.947021
1573810397.200000000,-2392835.359055,5385324.477677,2431829.904819
1573810397.400000000,-2392835.314058,5385324.376407,2431829.858780
1573810397.600000000,-2392835.269061,5385324.275136,2431829.812742
1573810397.800000000,-2392835.220314,5385324.165426,2431829.762867
1573810398.0,-2392835.190316,5385324.097913,2431829.732174
1573810398.200000000,-2392835.134069,5385323.971325,2431829.674626
1573810398.400000000,-2392835.126570,5385323.954446,2431829.666953
1573810398.600000000,-2392835.134069,5385323.971325,2431829.674626
1573810398.800000000,-2392835.167817,5385324.047277,2431829.709155
1573810399.0,-2392835.227813,5385324.182305,2431829.770540
1573810399.200000000,-2392835.269061,5385324.275136,2431829.812742
1573810399.400000000,-2392835.329057,5385324.410163,2431829.874126
1573810399.600000000,-2392835.392803,5385324.553630,2431829.939348
1573810399.800000000,-2392835.430300,5385324.638022,2431829.977713
1573810400.0,-2392835.307458,5385324.783552,2431830.012242
1573810400.200000000,-2392835.326207,5385324.825748,2431830.031425
1573810400.400000000,-2392835.352455,5385324.884822,2431830.058281
1573810400.600000000,-2392835.363704,5385324.910140,2431830.069790
1573810400.800000000,-2392835.344955,5385324.867944,2431830.050607
1573810401.0,-2392835.329956,5385324.834187,2431830.035261
1573810401.200000000,-2392835.314957,5385324.800430,2431830.019915
1573810401.400000000,-2392835.288709,5385324.741356,2431829.993059
1573810401.600000000,-2392835.269960,5385324.699160,2431829.973877
1573810401.800000000,-2392835.381553,5385324.528312,2431829.927838
1573810402.0,-2392835.336556,5385324.427042,2431829.881799
1573810402.200000000,-2392835.276560,5385324.292015,2431829.820415
1573810402.400000000,-2392835.209065,5385324.140109,2431829.751357
1573810402.600000000,-2392835.175317,5385324.064156,2431829.716828
1573810402.800000000,-2392835.130320,5385323.962885,2431829.670790
1573810403.0,-2392835.111571,5385323.920689,2431829.651607
1573810403.200000000,-2392835.107821,5385323.912250,2431829.647770
1573810403.400000000,-2392835.119070,5385323.937568,2431829.659280
1573810403.600000000,-2392835.164068,5385324.038838,2431829.705318
1573810403.800000000,-2392835.231563,5385324.190744,2431829.774376
1573810404.0,-2392835.291559,5385324.325771,2431829.835761
1573810404.200000000,-2392835.187466,5385324.513497,2431829.889473
1573810404.400000000,-2392835.202465,5385324.547254,2431829.904819
1573810404.600000000,-2392835.074533,5385324.681583,2431829.734375
1573810404.800000000,-2392835.074533,5385324.681583,2431829.734375
1573810405.0,-2392834.925348,5385324.768080,2431829.742048
1573810405.200000000,-2392834.914099,5385324.742762,2431829.730538
1573810405.400000000,-2392834.735010,5385324.761704,2431829.707519
1573810405.600000000,-2392834.584580,5385324.845397,2431829.514056
1573810405.800000000,-2392834.409147,5385324.872820,2431829.494873
1573810406.0,-2392834.375400,5385324.796867,2431829.460344
1573810406.200000000,-2392834.374152,5385324.794060,2431829.259218
1573810406.400000000,-2392834.306657,5385324.642154,2431829.190160
1573810406.600000000,-2392834.239161,5385324.490248,2431829.121102
1573810406.800000000,-2392834.388346,5385324.403751,2431829.113429
1573810407.0,-2392834.354598,5385324.327798,2431829.078900
1573810407.200000000,-2392834.343349,5385324.302480,2431829.067391
1573810407.400000000,-2392834.320850,5385324.251845,2431829.044371
1573810407.600000000,-2392834.313351,5385324.234967,2431829.036698
1573810407.800000000,-2392834.305851,5385324.218088,2431829.029025
1573810408.0,-2392834.305851,5385324.218088,2431829.029025
1573810408.200000000,-2392834.298352,5385324.201210,2431829.021352
1573810408.400000000,-2392834.294602,5385324.192771,2431829.017516
1573810408.600000000,-2392834.309601,5385324.226527,2431829.032862
1573810408.800000000,-2392834.302101,5385324.209649,2431829.025189
1573810409.0,-2392834.302101,5385324.209649,2431829.025189
1573810409.200000000,-2392834.309601,5385324.226527,2431829.032862
1573810409.400000000,-2392834.305851,5385324.218088,2431829.029025
1573810409.600000000,-2392834.309601,5385324.226527,2431829.032862
1573810409.800000000,-2392834.309601,5385324.226527,2431829.032862
1573810410.0,-2392834.332099,5385324.277163,2431829.055881
1573810410.200000000,-2392834.365847,5385324.353116,2431829.090410
1573810410.400000000,-2392834.397093,5385324.423437,2431829.322228
1573810410.600000000,-2392834.457089,5385324.558464,2431829.383613
1573810410.800000000,-2392834.539583,5385324.744127,2431829.468017
1573810411.0,-2392834.584580,5385324.845397,2431829.514056
1573810411.200000000,-2392834.615824,5385324.915715,2431829.745884
1573810411.400000000,-2392834.802506,5385324.913610,2431829.776577
1573810411.600000000,-2392834.770004,5385324.840460,2431829.943184
1573810411.800000000,-2392834.785003,5385324.874217,2431829.958530
1573810412.0,-2392834.931591,5385324.782130,2431830.148147
1573810412.200000000,-2392834.939091,5385324.799009,2431830.155820
1573810412.400000000,-2392834.921588,5385324.759616,2431830.337774
1573810412.600000000,-2392834.896585,5385324.703345,2431830.512054
1573810412.800000000,-2392834.922833,5385324.762420,2431830.538910
1573810413.0,-2392835.087017,5385324.709679,2431830.546583
1573810413.200000000,-2392835.058266,5385324.644973,2431830.717017
1573810413.400000000,-2392835.062016,5385324.653412,2431830.720854
1573810413.600000000,-2392835.033264,5385324.588702,2431830.891298
1573810413.800000000,-2392835.004511,5385324.523992,2431831.061742
1573810414.0,-2392835.023260,5385324.566188,2431831.080924
1573810414.200000000,-2392834.994510,5385324.501482,2431831.251358
1573810414.400000000,-2392834.994510,5385324.501482,2431831.251358
1573810414.600000000,-2392834.973257,5385324.453650,2431831.429475
1573810414.800000000,-2392834.992006,5385324.495846,2431831.448658
1573810415.0,-2392834.952004,5385324.405819,2431831.607593
1573810415.200000000,-2392834.929505,5385324.355183,2431831.584573
1573810415.400000000,-2392834.889506,5385324.265159,2431831.743497
1573810415.600000000,-2392834.849504,5385324.175132,2431831.902432
1573810415.800000000,-2392834.849504,5385324.175132,2431831.902432
1573810416.0,-2392834.824501,5385324.118861,2431832.076712
1573810416.200000000,-2392834.847000,5385324.169496,2431832.099732
1573810416.400000000,-2392834.807000,5385324.079472,2431832.258656
1573810416.600000000,-2392834.606565,5385324.050624,2431832.413754
1573810416.800000000,-2392834.610314,5385324.059063,2431832.417590
1573810417.0,-2392834.589061,5385324.011231,2431832.595707
1573810417.200000000,-2392834.556561,5385323.938086,2431832.762305
1573810417.400000000,-2392834.556561,5385323.938086,2431832.762305
1573810417.600000000,-2392834.531558,5385323.881815,2431832.936585
1573810417.800000000,-2392834.502806,5385323.817105,2431833.107029
1573810418.0,-2392834.338717,5385323.869803,2431833.099356
1573810418.200000000,-2392834.313716,5385323.813536,2431833.273627
1573810418.400000000,-2392834.288713,5385323.757265,2431833.447907
1573810418.600000000,-2392834.299962,5385323.782583,2431833.459417
1573810418.800000000,-2392834.263710,5385323.700994,2431833.622188
1573810419.0,-2392834.253709,5385323.678484,2431833.811804
1573810419.200000000,-2392834.236206,5385323.639091,2431833.993758
1573810419.400000000,-2392834.060773,5385323.666514,2431833.974575
1573810419.600000000,-2392834.032020,5385323.601804,2431834.145019
1573810419.800000000,-2392833.857835,5385323.632034,2431834.326963
1573810420.0,-2392833.825333,5385323.558884,2431834.493570
1573810420.200000000,-2392833.829083,5385323.567323,2431834.497407
1573810420.400000000,-2392833.654989,5385323.597508,2431834.679360
1573810420.600000000,-2392833.633738,5385323.549680,2431834.857467
1573810420.800000000,-2392833.473304,5385323.610859,2431834.853631
1573810421.0,-2392833.433303,5385323.520831,2431835.012565
1573810421.200000000,-2392833.419549,5385323.489878,2431835.198355
1573810421.400000000,-2392833.419549,5385323.489878,2431835.198355
1573810421.600000000,-2392833.234115,5385323.494790,2431835.368789
1573810421.800000000,-2392833.216612,5385323.455397,2431835.550743
1573810422.0,-2392833.220361,5385323.463837,2431835.554579
1573810422.200000000,-2392833.180360,5385323.373809,2431835.713514
1573810422.400000000,-2392833.023770,5385323.443386,2431835.713514
1573810422.600000000,-2392833.002519,5385323.395558,2431835.891621
1573810422.800000000,-2392832.977516,5385323.339287,2431836.065901
1573810423.0,-2392832.970016,5385323.322408,2431836.058228
1573810423.200000000,-2392832.941264,5385323.257698,2431836.228672
1573810423.400000000,-2392832.916263,5385323.201431,2431836.402942
1573810423.600000000,-2392832.891261,5385323.145160,2431836.577223
1573810423.800000000,-2392832.891261,5385323.145160,2431836.577223
1573810424.0,-2392832.705824,5385323.150068,2431836.747667
1573810424.200000000,-2392832.870008,5385323.097328,2431836.755340
1573810424.400000000,-2392832.833757,5385323.015743,2431836.918101
1573810424.600000000,-2392832.797506,5385322.934154,2431837.080871
1573810424.800000000,-2392832.805005,5385322.951033,2431837.088545
1573810425.0,-2392832.608319,5385322.930623,2431837.247479
1573810425.200000000,-2392832.587068,5385322.882795,2431837.425586
1573810425.400000000,-2392832.579569,5385322.865917,2431837.417913
1573810425.600000000,-2392832.562066,5385322.826524,2431837.599866
1573810425.800000000,-2392832.558316,5385322.818085,2431837.596030
1573810426.0,-2392832.708746,5385322.734391,2431837.789493
1573810426.200000000,-2392832.723745,5385322.768148,2431837.804839
1573810426.400000000,-2392832.713743,5385322.745638,2431837.994456
1573810426.600000000,-2392832.677491,5385322.664049,2431838.157227
1573810426.800000000,-2392832.669992,5385322.647171,2431838.149554
1573810427.0,-2392832.644989,5385322.590900,2431838.323834
1573810427.200000000,-2392832.612489,5385322.517754,2431838.490431
1573810427.400000000,-2392832.608739,5385322.509315,2431838.486595
1573810427.600000000,-2392832.587486,5385322.461483,2431838.664712
1573810427.800000000,-2392832.594985,5385322.478361,2431838.672385
1573810428.0,-2392832.551234,5385322.379894,2431838.827483
1573810428.200000000,-2392832.522483,5385322.315188,2431838.997916
1573810428.400000000,-2392832.501230,5385322.267356,2431839.176034
1573810428.600000000,-2392832.504980,5385322.275795,2431839.179870
1573810428.800000000,-2392832.632818,5385322.141508,2431839.350314
1573810429.0,-2392832.640317,5385322.158386,2431839.357987
1573810429.200000000,-2392832.622816,5385322.118997,2431839.539931
1573810429.400000000,-2392832.582814,5385322.028969,2431839.698865
1573810429.600000000,-2392832.444973,5385322.140742,2431839.718048
1573810429.800000000,-2392832.423720,5385322.092910,2431839.896165
1573810430.0,-2392832.587809,5385322.040212,2431839.903838
1573810430.200000000,-2392832.570308,5385322.000823,2431840.085781
1573810430.400000000,-2392832.581557,5385322.026141,2431840.097291
1573810430.600000000,-2392832.607805,5385322.085215,2431840.124147
1573810430.800000000,-2392832.579053,5385322.020505,2431840.294591
1573810431.0,-2392832.579053,5385322.020505,2431840.294591
1573810431.200000000,-2392832.572799,5385322.006430,2431840.488054
1573810431.400000000,-2392832.557800,5385321.972673,2431840.472708
1573810431.600000000,-2392832.529049,5385321.907966,2431840.643142
1573810431.800000000,-2392832.532799,5385321.916405,2431840.646978
1573810432.0,-2392832.500297,5385321.843256,2431840.813586
1573810432.200000000,-2392832.624479,5385321.700488,2431840.980193
1573810432.400000000,-2392832.631978,5385321.717366,2431840.987866
1573810432.600000000,-2392832.599478,5385321.644220,2431841.154463
1573810432.800000000,-2392832.414041,5385321.649129,2431841.324907
1573810433.0,-2392832.566976,5385321.571071,2431841.321071
1573810433.200000000,-2392832.534473,5385321.497921,2431841.487678
1573810433.400000000,-2392832.494473,5385321.407897,2431841.646602
1573810433.600000000,-2392832.513222,5385321.450093,2431841.665785
1573810433.800000000,-2392832.488220,5385321.393822,2431841.840065
1573810434.0,-2392832.436969,5385321.278476,2431841.987490
1573810434.200000000,-2392832.280285,5385321.348095,2431841.987490
1573810434.400000000,-2392832.270283,5385321.325584,2431842.177107
1573810434.600000000,-2392832.383215,5385321.157498,2431842.332204
1573810434.800000000,-2392832.386965,5385321.165938,2431842.336041
1573810435.0,-2392832.361962,5385321.109666,2431842.510321
1573810435.200000000,-2392832.336961,5385321.053399,2431842.684592
1573810435.400000000,-2392832.329462,5385321.036521,2431842.676918
1573810435.600000000,-2392832.304459,5385320.980249,2431842.851199
1573810435.800000000,-2392832.268207,5385320.898661,2431843.013970
1573810436.0,-2392832.286956,5385320.940857,2431843.033153
1573810436.200000000,-2392832.235707,5385320.825515,2431843.180567
1573810436.400000000,-2392832.258205,5385320.876150,2431843.203586
1573810436.600000000,-2392832.236952,5385320.828318,2431843.381703
1573810436.800000000,-2392832.193201,5385320.729851,2431843.536801
1573810437.0,-2392832.200700,5385320.746729,2431843.544474
1573810437.200000000,-2392832.175699,5385320.690462,2431843.718744
1573810437.400000000,-2392832.175699,5385320.690462,2431843.718744
1573810437.600000000,-2392832.150696,5385320.634190,2431843.893025
1573810437.800000000,-2392832.133193,5385320.594798,2431844.074978
1573810438.0,-2392832.136943,5385320.603237,2431844.078815
1573810438.200000000,-2392832.115692,5385320.555409,2431844.256922
1573810438.400000000,-2392832.086939,5385320.490698,2431844.427366
1573810438.600000000,-2392832.069436,5385320.451305,2431844.609319
1573810438.800000000,-2392832.065686,5385320.442866,2431844.605483
1573810439.0,-2392832.036935,5385320.378159,2431844.775917
1573810439.200000000,-2392832.011933,5385320.321888,2431844.950197
1573810439.400000000,-2392832.026932,5385320.355645,2431844.965543
1573810439.600000000,-2392831.983180,5385320.257178,2431845.120641
1573810439.800000000,-2392831.801495,5385320.270529,2431845.294911
1573810440.0,-2392831.805245,5385320.278968,2431845.298748
1573810440.200000000,-2392831.783992,5385320.231136,2431845.476865
1573810440.400000000,-2392831.743990,5385320.141108,2431845.635799
1573810440.600000000,-2392831.751490,5385320.157986,2431845.643472
1573810440.800000000,-2392831.726489,5385320.101719,2431845.817742
1573810441.0,-2392831.690237,5385320.020130,2431845.980513
1573810441.200000000,-2392831.529897,5385320.081267,2431845.976677
1573810441.400000000,-2392831.504894,5385320.024996,2431846.150957
1573810441.600000000,-2392831.468644,5385319.943411,2431846.313718
1573810441.800000000,-2392831.476144,5385319.960289,2431846.321391
1573810442.0,-2392831.432392,5385319.861822,2431846.476488
1573810442.200000000,-2392831.607731,5385319.834441,2431846.495671
1573810442.400000000,-2392831.437387,5385319.873064,2431846.681461
1573810442.600000000,-2392831.374889,5385319.732405,2431846.817366
1573810442.800000000,-2392831.371139,5385319.723966,2431846.813529
1573810443.0,-2392831.361135,5385319.701451,2431847.003156
1573810443.200000000,-2392831.332383,5385319.636741,2431847.173600
1573810443.400000000,-2392831.324883,5385319.619862,2431847.165927
1573810443.600000000,-2392831.311131,5385319.588912,2431847.351707
1573810443.800000000,-2392831.274879,5385319.507323,2431847.514477
1573810444.0,-2392831.099447,5385319.534746,2431847.495295
1573810444.200000000,-2392831.070694,5385319.470035,2431847.665738
1573810444.400000000,-2392831.056942,5385319.439085,2431847.851518
1573810444.600000000,-2392831.060692,5385319.447525,2431847.855355
1573810444.800000000,-2392831.203623,5385319.346952,2431848.041145
1573810445.0,-2392831.178620,5385319.290681,2431848.215426
1573810445.200000000,-2392831.014436,5385319.343421,2431848.207752
1573810445.400000000,-2392830.989435,5385319.287154,2431848.382023
1573810445.600000000,-2392830.832751,5385319.356772,2431848.382023
1573810445.800000000,-2392830.796499,5385319.275183,2431848.544793
1573810446.0,-2392830.811498,5385319.308940,2431848.560140
1573810446.200000000,-2392830.778996,5385319.235790,2431848.726747
1573810446.400000000,-2392830.786496,5385319.252669,2431848.734420
1573810446.600000000,-2392830.772744,5385319.221719,2431848.920200
1573810446.800000000,-2392830.757745,5385319.187962,2431848.904854
1573810447.0,-2392830.753995,5385319.179523,2431848.901017
1573810447.200000000,-2392830.589906,5385319.232221,2431848.893344
1573810447.400000000,-2392830.593655,5385319.240660,2431848.897181
1573810447.600000000,-2392830.593655,5385319.240660,2431848.897181
1573810447.800000000,-2392830.753995,5385319.179523,2431848.901017
1573810448.0,-2392830.786496,5385319.252669,2431848.734420
1573810448.200000000,-2392830.786496,5385319.252669,2431848.734420
1573810448.400000000,-2392830.782746,5385319.244229,2431848.730584
1573810448.600000000,-2392830.778996,5385319.235790,2431848.726747
1573810448.800000000,-2392830.782746,5385319.244229,2431848.730584
1573810449.0,-2392830.750245,5385319.171083,2431848.897181
1573810449.200000000,-2392830.746496,5385319.162644,2431848.893344
1573810449.400000000,-2392830.578656,5385319.206903,2431848.881834
1573810449.600000000,-2392830.574907,5385319.198464,2431848.877998
1573810449.800000000,-2392830.578656,5385319.206903,2431848.881834
1573810450.0,-2392830.742746,5385319.154205,2431848.889507
1573810450.200000000,-2392830.775246,5385319.227351,2431848.722910
1573810450.400000000,-2392830.767747,5385319.210473,2431848.715237
1573810450.600000000,-2392830.789000,5385319.258305,2431848.537120
1573810450.800000000,-2392830.796499,5385319.275183,2431848.544793
1573810451.0,-2392830.789000,5385319.258305,2431848.537120
1573810451.200000000,-2392830.974436,5385319.253397,2431848.366676
1573810451.400000000,-2392830.991938,5385319.292786,2431848.184733
1573810451.600000000,-2392830.999437,5385319.309664,2431848.192406
1573810451.800000000,-2392831.035689,5385319.391253,2431848.029635
1573810452.0,-2392831.039439,5385319.399692,2431848.033472
1573810452.200000000,-2392831.213626,5385319.369467,2431847.851518
1573810452.400000000,-2392831.209877,5385319.361028,2431847.847682
1573810452.600000000,-2392831.238627,5385319.425734,2431847.677248
1573810452.800000000,-2392831.391468,5385319.347718,2431847.673412
1573810453.0,-2392831.408971,5385319.387111,2431847.491458
1573810453.200000000,-2392831.416470,5385319.403990,2431847.499131
1573810453.400000000,-2392831.448973,5385319.477140,2431847.332524
1573810453.600000000,-2392831.466474,5385319.516529,2431847.150580
1573810453.800000000,-2392831.615659,5385319.430032,2431847.142907
1573810454.0,-2392831.640661,5385319.486303,2431846.968627
1573810454.200000000,-2392831.644411,5385319.494742,2431846.972463
1573810454.400000000,-2392831.673164,5385319.559453,2431846.802020
1573810454.600000000,-2392831.680663,5385319.576331,2431846.809693
1573810454.800000000,-2392831.873597,5385319.588298,2431846.646932
1573810455.0,-2392831.894850,5385319.636130,2431846.468815
1573810455.200000000,-2392831.876102,5385319.593934,2431846.449632
1573810455.400000000,-2392831.897355,5385319.641766,2431846.271515
1573810455.600000000,-2392831.889855,5385319.624887,2431846.263842
1573810455.800000000,-2392831.918606,5385319.689594,2431846.093408
1573810456.0,-2392831.951108,5385319.762744,2431845.926801
1573810456.200000000,-2392832.140200,5385319.766317,2431845.760194
1573810456.400000000,-2392832.140200,5385319.766317,2431845.760194
1573810456.600000000,-2392832.161452,5385319.814145,2431845.582087
1573810456.800000000,-2392832.142703,5385319.771949,2431845.562904
1573810457.0,-2392832.175205,5385319.845099,2431845.396297
1573810457.200000000,-2392832.368141,5385319.857069,2431845.233526
1573810457.400000000,-2392832.364391,5385319.848630,2431845.229690
1573810457.600000000,-2392832.396892,5385319.921776,2431845.063092
1573810457.800000000,-2392832.429394,5385319.994925,2431844.896485
1573810458.0,-2392832.425644,5385319.986486,2431844.892648
1573810458.200000000,-2392832.592332,5385319.939382,2431844.703022
1573810458.400000000,-2392832.621083,5385320.004089,2431844.532588
1573810458.600000000,-2392832.621083,5385320.004089,2431844.532588
1573810458.800000000,-2392832.653585,5385320.077238,2431844.365981
1573810459.0,-2392832.678588,5385320.133510,2431844.191700
1573810459.200000000,-2392832.686087,5385320.150388,2431844.199373
1573810459.400000000,-2392832.707338,5385320.198216,2431844.021267
1573810459.600000000,-2392832.837680,5385320.069565,2431843.994411
1573810459.800000000,-2392832.873932,5385320.151154,2431843.831640
1573810460.0,-2392832.910184,5385320.232743,2431843.668869
1573810460.200000000,-2392832.883936,5385320.173668,2431843.642013
1573810460.400000000,-2392832.927686,5385320.272132,2431843.486926
1573810460.600000000,-2392832.956438,5385320.336842,2431843.316482
1573810460.800000000,-2392832.937689,5385320.294646,2431843.297299
1573810461.0,-2392832.951443,5385320.325600,2431843.111509
1573810461.200000000,-2392832.955193,5385320.334039,2431843.115345
1573810461.400000000,-2392833.151877,5385320.354444,2431842.956421
1573810461.600000000,-2392833.140627,5385320.329127,2431842.944912
1573810461.800000000,-2392833.169380,5385320.393837,2431842.774468
1573810462.0,-2392833.173130,5385320.402276,2431842.778304
1573810462.200000000,-2392833.205632,5385320.475426,2431842.611697
1573810462.400000000,-2392833.226883,5385320.523254,2431842.433590
1573810462.600000000,-2392833.215634,5385320.497937,2431842.422080
1573810462.800000000,-2392833.233137,5385320.537329,2431842.240127
1573810463.0,-2392833.229387,5385320.528890,2431842.236290
1573810463.200000000,-2392833.418573,5385320.532421,2431842.069683
1573810463.400000000,-2392833.439825,5385320.580249,2431841.891576
1573810463.600000000,-2392833.436075,5385320.571810,2431841.887739
1573810463.800000000,-2392833.479826,5385320.670277,2431841.732642
1573810464.0,-2392833.482331,5385320.675913,2431841.535342
1573810464.200000000,-2392833.478581,5385320.667474,2431841.531505
1573810464.400000000,-2392833.507332,5385320.732181,2431841.361072
1573810464.600000000,-2392833.507332,5385320.732181,2431841.361072
1573810464.800000000,-2392833.685174,5385320.710436,2431841.182954
1573810465.0,-2392833.710177,5385320.766707,2431841.008674
1573810465.200000000,-2392833.706427,5385320.758268,2431841.004837
1573810465.400000000,-2392833.753927,5385320.865170,2431840.853587
1573810465.600000000,-2392833.723929,5385320.797657,2431840.822894
1573810465.800000000,-2392833.756431,5385320.870806,2431840.656287
1573810466.0,-2392833.792683,5385320.952395,2431840.493516
1573810466.200000000,-2392833.785184,5385320.935517,2431840.485843
1573810466.400000000,-2392833.810185,5385320.991784,2431840.311572
1573810466.600000000,-2392833.853936,5385321.090251,2431840.156475
1573810466.800000000,-2392833.846436,5385321.073373,2431840.148802
1573810467.0,-2392833.871439,5385321.129644,2431839.974521
1573810467.200000000,-2392833.888941,5385321.169033,2431839.792578
1573810467.400000000,-2392833.907689,5385321.211229,2431839.811760
1573810467.600000000,-2392833.928942,5385321.259061,2431839.633643
1573810467.800000000,-2392833.950195,5385321.306893,2431839.455526
1573810468.0,-2392833.826106,5385321.449615,2431839.288929
1573810468.200000000,-2392833.818606,5385321.432737,2431839.281256
1573810468.400000000,-2392833.843609,5385321.489008,2431839.106975
1573810468.600000000,-2392833.824860,5385321.446812,2431839.087793
1573810468.800000000,-2392833.704428,5385321.598019,2431838.925022
1573810469.0,-2392833.736929,5385321.671165,2431838.758425
1573810469.200000000,-2392833.725679,5385321.645847,2431838.746915
1573810469.400000000,-2392833.576495,5385321.732344,2431838.754588
1573810469.600000000,-2392833.612747,5385321.813933,2431838.591817
1573810469.800000000,-2392833.448657,5385321.866631,2431838.584144
1573810470.0,-2392833.429908,5385321.824435,2431838.564961
1573810470.200000000,-2392833.276974,5385321.902493,2431838.568798
1573810470.400000000,-2392833.280724,5385321.910932,2431838.572634
1573810470.600000000,-2392833.160292,5385322.062140,2431838.409864
1573810470.800000000,-2392833.167791,5385322.079018,2431838.417537
1573810471.0,-2392833.043702,5385322.221741,2431838.250940
1573810471.200000000,-2392833.047452,5385322.230180,2431838.254776
1573810471.400000000,-2392833.047452,5385322.230180,2431838.254776
1573810471.600000000,-2392832.904521,5385322.330752,2431838.068986
1573810471.800000000,-2392832.900771,5385322.322313,2431838.065149
1573810472.0,-2392832.736588,5385322.375053,2431838.057476
1573810472.200000000,-2392832.765340,5385322.439763,2431837.887032
1573810472.400000000,-2392832.645000,5385322.590925,2431837.724272
1573810472.600000000,-2392832.645000,5385322.590925,2431837.724272
1573810472.800000000,-2392832.685002,5385322.680953,2431837.565337
1573810473.0,-2392832.517069,5385322.725254,2431837.553828
1573810473.200000000,-2392832.513319,5385322.716815,2431837.549991
1573810473.400000000,-2392832.377888,5385322.834265,2431837.371874
1573810473.600000000,-2392832.374138,5385322.825826,2431837.368037
1573810473.800000000,-2392832.253798,5385322.976988,2431837.205277
1573810474.0,-2392832.253798,5385322.976988,2431837.205277
1573810474.200000000,-2392832.308799,5385323.100772,2431837.061689
1573810474.400000000,-2392832.133366,5385323.128195,2431837.042506
1573810474.600000000,-2392832.158369,5385323.184466,2431836.868225
1573810474.800000000,-2392831.994185,5385323.237206,2431836.860552
1573810475.0,-2392832.007937,5385323.268156,2431836.674772
1573810475.200000000,-2392831.870095,5385323.379929,2431836.693955
1573810475.400000000,-2392831.895098,5385323.436200,2431836.519675
1573810475.600000000,-2392831.931350,5385323.517788,2431836.356904
1573810475.800000000,-2392831.946349,5385323.551545,2431836.372250
1573810476.0,-2392831.963850,5385323.590934,2431836.190306
1573810476.200000000,-2392831.985103,5385323.638766,2431836.012189
1573810476.400000000,-2392831.970104,5385323.605009,2431835.996843
1573810476.600000000,-2392832.013856,5385323.703476,2431835.841745
1573810476.800000000,-2392832.027607,5385323.734426,2431835.655965
1573810477.0,-2392832.067609,5385323.824453,2431835.497031
1573810477.200000000,-2392832.075108,5385323.841332,2431835.504704
1573810477.400000000,-2392832.096361,5385323.889164,2431835.326587
1573810477.600000000,-2392832.245452,5385323.802708,2431835.318914
1573810477.800000000,-2392832.266703,5385323.850536,2431835.140807
1573810478.0,-2392832.281702,5385323.884293,2431835.156153
1573810478.200000000,-2392832.295455,5385323.915247,2431834.970363
1573810478.400000000,-2392832.484641,5385323.918778,2431834.803756
1573810478.600000000,-2392832.503390,5385323.960974,2431834.822938
1573810478.800000000,-2392832.513392,5385323.983484,2431834.633322
1573810479.0,-2392832.509642,5385323.975045,2431834.629485
1573810479.200000000,-2392832.538395,5385324.039755,2431834.459041
1573810479.400000000,-2392832.716332,5385324.017968,2431834.280924
1573810479.600000000,-2392832.720081,5385324.026407,2431834.284761
1573810479.800000000,-2392832.756331,5385324.107992,2431834.122000
1573810480.0,-2392832.781334,5385324.164263,2431833.947719
1573810480.200000000,-2392832.791338,5385324.186777,2431833.758093
1573810480.400000000,-2392832.787588,5385324.178338,2431833.754256
1573810480.600000000,-2392832.812589,5385324.234605,2431833.579986
1573810480.800000000,-2392832.833842,5385324.282437,2431833.401869
1573810481.0,-2392832.833842,5385324.282437,2431833.401869
1573810481.200000000,-2392833.026683,5385324.294449,2431833.239098
1573810481.400000000,-2392833.055434,5385324.359155,2431833.068664
1573810481.600000000,-2392833.080437,5385324.415426,2431832.894383
1573810481.800000000,-2392833.109189,5385324.480136,2431832.723939
1573810482.0,-2392833.101689,5385324.463258,2431832.716266
1573810482.200000000,-2392833.130440,5385324.527964,2431832.545832
1573810482.400000000,-2392833.166692,5385324.609553,2431832.383061
1573810482.600000000,-2392833.355878,5385324.613083,2431832.216454
1573810482.800000000,-2392833.380879,5385324.669350,2431832.042184
1573810483.0,-2392833.377129,5385324.660911,2431832.038347
1573810483.200000000,-2392833.566315,5385324.664442,2431831.871739
1573810483.400000000,-2392833.606317,5385324.754470,2431831.712805
1573810483.600000000,-2392833.627568,5385324.802298,2431831.534698
1573810483.800000000,-2392833.787908,5385324.741160,2431831.538535
1573810484.0,-2392833.816660,5385324.805870,2431831.368091
1573810484.200000000,-2392833.834163,5385324.845262,2431831.186137
1573810484.400000000,-2392833.859164,5385324.901530,2431831.011867
1573810484.600000000,-2392833.866664,5385324.918408,2431831.019540
1573810484.800000000,-2392833.891666,5385324.974679,2431830.845259
1573810485.0,-2392833.912919,5385325.022511,2431830.667142
1573810485.200000000,-2392833.945419,5385325.095656,2431830.500545
1573810485.400000000,-2392833.941670,5385325.087217,2431830.496708
1573810485.600000000,-2392833.962922,5385325.135048,2431830.318591
1573810485.800000000,-2392833.995424,5385325.208198,2431830.151983
1573810486.0,-2392833.995424,5385325.208198,2431830.151983
1573810486.200000000,-2392834.027925,5385325.281343,2431829.985386
1573810486.400000000,-2392834.056677,5385325.346053,2431829.814942
1573810486.600000000,-2392834.067926,5385325.371371,2431829.826452
1573810486.800000000,-2392834.238364,5385325.332706,2431829.640661
1573810487.0,-2392834.263365,5385325.388973,2431829.466391
1573810487.200000000,-2392834.263365,5385325.388973,2431829.466391
1573810487.400000000,-2392834.420049,5385325.319354,2431829.466391
1573810487.600000000,-2392834.452551,5385325.392503,2431829.299784
1573810487.800000000,-2392834.445051,5385325.375625,2431829.292110
1573810488.0,-2392834.579143,5385325.255413,2431829.269091
1573810488.200000000,-2392834.596646,5385325.294805,2431829.087138
1573810488.400000000,-2392834.604145,5385325.311683,2431829.094811
1573810488.600000000,-2392834.589146,5385325.277927,2431829.079464
1573810488.800000000,-2392834.730831,5385325.174551,2431829.064118
1573810489.0,-2392834.704583,5385325.115477,2431829.037262
1573810489.200000000,-2392834.689584,5385325.081720,2431829.021916
1573810489.400000000,-2392834.652087,5385324.997328,2431828.983551
1573810489.600000000,-2392834.592091,5385324.862300,2431828.922166
1573810489.800000000,-2392834.696278,5385324.674533,2431828.868455
1573810490.0,-2392834.643782,5385324.556384,2431828.814743
1573810490.200000000,-2392834.570032,5385324.390403,2431828.939149
1573810490.400000000,-2392834.525035,5385324.289133,2431828.893110
1573810490.600000000,-2392834.521285,5385324.280693,2431828.889273
1573810490.800000000,-2392834.502537,5385324.238497,2431828.870091
1573810491.0,-2392834.483788,5385324.196301,2431828.850908
1573810491.200000000,-2392834.472539,5385324.170984,2431828.839398
1573810491.400000000,-2392834.457540,5385324.137227,2431828.824052
1573810491.600000000,-2392834.457540,5385324.137227,2431828.824052
1573810491.800000000,-2392834.453790,5385324.128788,2431828.820216
1573810492.0,-2392834.457540,5385324.137227,2431828.824052
1573810492.200000000,-2392834.453790,5385324.128788,2431828.820216
1573810492.400000000,-2392834.453790,5385324.128788,2431828.820216
1573810492.600000000,-2392834.453790,5385324.128788,2431828.820216
1573810492.800000000,-2392834.453790,5385324.128788,2431828.820216
1573810493.0,-2392834.453790,5385324.128788,2431828.820216
1573810493.200000000,-2392834.450040,5385324.120348,2431828.816379
1573810493.400000000,-2392834.457540,5385324.137227,2431828.824052
1573810493.600000000,-2392834.457540,5385324.137227,2431828.824052
1573810493.800000000,-2392834.461289,5385324.145666,2431828.827889
1573810494.0,-2392834.457540,5385324.137227,2431828.824052
1573810494.200000000,-2392834.461289,5385324.145666,2431828.827889
1573810494.400000000,-2392834.461289,5385324.145666,2431828.827889
1573810494.600000000,-2392834.461289,5385324.145666,2431828.827889
1573810494.800000000,-2392834.461289,5385324.145666,2431828.827889
1573810495.0,-2392834.465039,5385324.154105,2431828.831725
1573810495.200000000,-2392834.465039,5385324.154105,2431828.831725
1573810495.400000000,-2392834.461289,5385324.145666,2431828.827889
1573810495.600000000,-2392834.461289,5385324.145666,2431828.827889
1573810495.800000000,-2392834.465039,5385324.154105,2431828.831725
1573810496.0,-2392834.465039,5385324.154105,2431828.831725
1573810496.200000000,-2392834.461289,5385324.145666,2431828.827889
1573810496.400000000,-2392834.461289,5385324.145666,2431828.827889
1573810496.600000000,-2392834.465039,5385324.154105,2431828.831725
1573810496.800000000,-2392834.468789,5385324.162544,2431828.835562
1573810497.0,-2392834.457540,5385324.137227,2431828.824052
1573810497.200000000,-2392834.476288,5385324.179423,2431828.843235
1573810497.400000000,-2392834.487538,5385324.204740,2431828.854745
1573810497.600000000,-2392834.513786,5385324.263815,2431828.881600
1573810497.800000000,-2392834.532535,5385324.306011,2431828.900783
1573810498.0,-2392834.581281,5385324.415721,2431828.950658
1573810498.200000000,-2392834.622529,5385324.508552,2431828.992860
1573810498.400000000,-2392834.682525,5385324.643579,2431829.054245
1573810498.600000000,-2392834.731272,5385324.753289,2431829.104120
1573810498.800000000,-2392834.776269,5385324.854560,2431829.150158
1573810499.0,-2392834.842518,5385325.003662,2431829.018080
1573810499.200000000,-2392834.853768,5385325.028980,2431829.029589
1573810499.400000000,-2392834.857517,5385325.037419,2431829.033426
1573810499.600000000,-2392835.069106,5385325.091623,2431828.889848
1573810499.800000000,-2392835.084105,5385325.125379,2431828.905194
1573810500.0,-2392835.091605,5385325.142258,2431828.912867
1573810500.200000000,-2392835.284541,5385325.154228,2431828.750096
1573810500.400000000,-2392835.310789,5385325.213302,2431828.776952
1573810500.600000000,-2392835.456224,5385325.118366,2431828.765442
1573810500.800000000,-2392835.645316,5385325.121938,2431828.598835
1573810501.0,-2392835.652816,5385325.138817,2431828.606508
1573810501.200000000,-2392835.842000,5385325.142343,2431828.439911
1573810501.400000000,-2392835.991185,5385325.055846,2431828.432237
1573810501.600000000,-2392835.987435,5385325.047407,2431828.428401
1573810501.800000000,-2392836.151524,5385324.994708,2431828.436074
1573810502.0,-2392836.176527,5385325.050979,2431828.261793
1573810502.200000000,-2392836.333211,5385324.981361,2431828.261793
1573810502.400000000,-2392836.489895,5385324.911742,2431828.261793
1573810502.600000000,-2392836.514898,5385324.968013,2431828.087513
1573810502.800000000,-2392836.675238,5385324.906875,2431828.091349
1573810503.0,-2392836.809423,5385324.786621,2431828.068330
1573810503.200000000,-2392836.841923,5385324.859766,2431827.901733
1573810503.400000000,-2392836.998608,5385324.790148,2431827.901733
1573810503.600000000,-2392837.027360,5385324.854858,2431827.731289
1573810503.800000000,-2392837.031110,5385324.863297,2431827.735125
1573810504.0,-2392837.208953,5385324.841551,2431827.557008
1573810504.200000000,-2392837.233953,5385324.897818,2431827.382738
1573810504.400000000,-2392837.226454,5385324.880940,2431827.375065
1573810504.600000000,-2392837.087367,5385324.989909,2431827.193111
1573810504.800000000,-2392837.276459,5385324.993482,2431827.026503
1573810505.0,-2392837.268959,5385324.976603,2431827.018830
1573810505.200000000,-2392837.308959,5385325.066627,2431826.859906
1573810505.400000000,-2392837.323958,5385325.100384,2431826.875252
1573810505.600000000,-2392837.505645,5385325.087036,2431826.700971
1573810505.800000000,-2392837.513144,5385325.103914,2431826.708645
1573810506.0,-2392837.530647,5385325.143307,2431826.526691
1573810506.200000000,-2392837.555648,5385325.199573,2431826.352420
1573810506.400000000,-2392837.555648,5385325.199573,2431826.352420
1573810506.600000000,-2392837.737335,5385325.186225,2431826.178140
1573810506.800000000,-2392837.733585,5385325.177786,2431826.174303
1573810507.0,-2392837.933927,5385325.206676,2431826.019205
1573810507.200000000,-2392837.922677,5385325.181358,2431826.007696
1573810507.400000000,-2392838.071862,5385325.094861,2431826.000023
1573810507.600000000,-2392838.089363,5385325.134250,2431825.818079
1573810507.800000000,-2392838.249797,5385325.073070,2431825.821916
1573810508.0,-2392838.246047,5385325.064631,2431825.818079
1573810508.200000000,-2392838.431390,5385325.059764,2431825.647635
1573810508.400000000,-2392838.431390,5385325.059764,2431825.647635
1573810508.600000000,-2392838.613076,5385325.046416,2431825.473354
1573810508.800000000,-2392838.613076,5385325.046416,2431825.473354
1573810509.0,-2392838.762261,5385324.959919,2431825.465681
1573810509.200000000,-2392838.940102,5385324.938169,2431825.287574
1573810509.400000000,-2392839.093036,5385324.860111,2431825.283738
1573810509.600000000,-2392839.125538,5385324.933260,2431825.117130
1573810509.800000000,-2392839.274723,5385324.846763,2431825.109457
1573810510.0,-2392839.478814,5385324.884092,2431824.958196
1573810510.200000000,-2392839.463815,5385324.850335,2431824.942850
1573810510.400000000,-2392839.613000,5385324.763838,2431824.935176
1573810510.600000000,-2392839.653000,5385324.853862,2431824.776252
1573810510.800000000,-2392839.805934,5385324.775804,2431824.772416
1573810511.0,-2392839.802184,5385324.767365,2431824.768579
1573810511.200000000,-2392839.980027,5385324.745619,2431824.590462
1573810511.400000000,-2392840.184212,5385324.782906,2431824.439200
1573810511.600000000,-2392840.187962,5385324.791345,2431824.443037
1573810511.800000000,-2392840.322147,5385324.671091,2431824.420018
1573810512.0,-2392840.310898,5385324.645774,2431824.408508
1573810512.200000000,-2392840.507488,5385324.666220,2431824.249584
1573810512.400000000,-2392840.667922,5385324.605041,2431824.253420
1573810512.600000000,-2392840.664172,5385324.596601,2431824.249584
1573810512.800000000,-2392840.860858,5385324.617010,2431824.090649
1573810513.0,-2392841.024947,5385324.564312,2431824.098322
1573810513.200000000,-2392841.162883,5385324.452497,2431824.079140
1573810513.400000000,-2392841.176636,5385324.483450,2431823.893350
1573810513.600000000,-2392841.340820,5385324.430709,2431823.901023
1573810513.800000000,-2392841.493660,5385324.352693,2431823.897186
1573810514.0,-2392841.529910,5385324.434277,2431823.734425
1573810514.200000000,-2392841.679095,5385324.347780,2431823.726752
1573810514.400000000,-2392841.671595,5385324.330902,2431823.719079
1573810514.600000000,-2392841.857031,5385324.325993,2431823.548635
1573810514.800000000,-2392842.017371,5385324.264855,2431823.552472
1573810515.0,-2392842.021121,5385324.273294,2431823.556308
1573810515.200000000,-2392842.177805,5385324.203675,2431823.556308
1573810515.400000000,-2392842.319490,5385324.100299,2431823.540962
1573810515.600000000,-2392842.355742,5385324.181888,2431823.378191
1573810515.800000000,-2392842.516082,5385324.120750,2431823.382027
1573810516.0,-2392842.512332,5385324.112311,2431823.378191
1573810516.200000000,-2392842.654017,5385324.008935,2431823.362845
1573810516.400000000,-2392842.810701,5385323.939316,2431823.362845
1573810516.600000000,-2392842.789448,5385323.891485,2431823.540962
1573810516.800000000,-2392842.942289,5385323.813468,2431823.537125
1573810517.0,-2392843.102722,5385323.752289,2431823.540962
1573810517.200000000,-2392843.259406,5385323.682670,2431823.540962
1573810517.400000000,-2392843.238154,5385323.634838,2431823.719079
1573810517.600000000,-2392843.390994,5385323.556822,2431823.715243
1573810517.800000000,-2392843.387244,5385323.548383,2431823.711406
1573810518.0,-2392843.518927,5385323.422497,2431823.885676
1573810518.200000000,-2392843.515178,5385323.414058,2431823.881840
1573810518.400000000,-2392843.664362,5385323.327560,2431823.874167
1573810518.600000000,-2392843.828452,5385323.274862,2431823.881840
1573810518.800000000,-2392843.835951,5385323.291740,2431823.889513
1573810519.0,-2392844.010137,5385323.261509,2431823.707569
1573810519.200000000,-2392844.134320,5385323.118745,2431823.874167
1573810519.400000000,-2392844.138070,5385323.127184,2431823.878003
1573810519.600000000,-2392844.290910,5385323.049168,2431823.874167
1573810519.800000000,-2392844.283411,5385323.032290,2431823.866494
1573810520.0,-2392844.472595,5385323.035816,2431823.699896
1573810520.200000000,-2392844.468845,5385323.027377,2431823.696060
1573810520.400000000,-2392844.614280,5385322.932440,2431823.684550
1573810520.600000000,-2392844.774620,5385322.871302,2431823.688387
1573810520.800000000,-2392844.778370,5385322.879741,2431823.692223
1573810521.0,-2392844.935054,5385322.810122,2431823.692223
1573810521.200000000,-2392844.923804,5385322.784805,2431823.680714
1573810521.400000000,-2392845.095487,5385322.748943,2431823.696060
1573810521.600000000,-2392845.263327,5385322.704683,2431823.707569
1573810521.800000000,-2392845.252077,5385322.679365,2431823.696060
1573810522.0,-2392845.397512,5385322.584429,2431823.684550
1573810522.200000000,-2392845.554196,5385322.514810,2431823.684550
1573810522.400000000,-2392845.714536,5385322.453672,2431823.688387
1573810522.600000000,-2392845.707036,5385322.436793,2431823.680714
1573810522.800000000,-2392845.863720,5385322.367175,2431823.680714
1573810523.0,-2392846.012905,5385322.280677,2431823.673041
1573810523.200000000,-2392846.158246,5385322.185782,2431823.661531
1573810523.400000000,-2392846.161995,5385322.194221,2431823.665368
1573810523.600000000,-2392846.314930,5385322.116163,2431823.661531
1573810523.800000000,-2392846.467864,5385322.038105,2431823.657695
1573810524.0,-2392846.435363,5385321.964960,2431823.824292
1573810524.200000000,-2392846.595703,5385321.903822,2431823.828128
1573810524.400000000,-2392846.752387,5385321.834203,2431823.828128
1573810524.600000000,-2392846.744888,5385321.817324,2431823.820455
1573810524.800000000,-2392846.897822,5385321.739266,2431823.816619
1573810525.0,-2392847.065661,5385321.695007,2431823.828128
1573810525.200000000,-2392847.058162,5385321.678128,2431823.820455
1573810525.400000000,-2392847.211096,5385321.600070,2431823.816619
1573810525.600000000,-2392847.335278,5385321.457302,2431823.983226
1573810525.800000000,-2392847.327778,5385321.440423,2431823.975553
1573810526.0,-2392847.480618,5385321.362407,2431823.971717
1573810526.200000000,-2392847.633553,5385321.284349,2431823.967880
1573810526.400000000,-2392847.637302,5385321.292788,2431823.971717
1573810526.600000000,-2392847.793986,5385321.223169,2431823.971717
1573810526.800000000,-2392847.943077,5385321.136713,2431823.964044
1573810527.0,-2392848.103510,5385321.075533,2431823.967880
1573810527.200000000,-2392848.096011,5385321.058655,2431823.960207
1573810527.400000000,-2392848.233946,5385320.946840,2431823.941025
1573810527.600000000,-2392848.361784,5385320.812553,2431824.111469
1573810527.800000000,-2392848.354284,5385320.795674,2431824.103796
1573810528.0,-2392848.518468,5385320.742934,2431824.111469
1573810528.200000000,-2392848.678901,5385320.681754,2431824.115305
1573810528.400000000,-2392848.806741,5385320.547470,2431824.285739
1573810528.600000000,-2392848.791741,5385320.513714,2431824.270393
1573810528.800000000,-2392848.952175,5385320.452534,2431824.274229
1573810529.0,-2392848.959675,5385320.469412,2431824.281903
1573810529.200000000,-2392849.116359,5385320.399793,2431824.281903
1573810529.400000000,-2392849.087606,5385320.335083,2431824.452347
1573810529.600000000,-2392849.259195,5385320.299263,2431824.467693
1573810529.800000000,-2392849.419629,5385320.238083,2431824.471529
1573810530.0,-2392849.444632,5385320.294353,2431824.297249
1573810530.200000000,-2392849.601316,5385320.224734,2431824.297249
1573810530.400000000,-2392849.586317,5385320.190978,2431824.281903
1573810530.600000000,-2392849.735407,5385320.104522,2431824.274229
1573810530.800000000,-2392849.739157,5385320.112961,2431824.278066
1573810531.0,-2392849.903340,5385320.060220,2431824.285739
1573810531.200000000,-2392850.071273,5385320.015919,2431824.297249
1573810531.400000000,-2392850.224114,5385319.937902,2431824.293412
1573810531.600000000,-2392850.201615,5385319.887267,2431824.270393
1573810531.800000000,-2392850.350799,5385319.800770,2431824.262720
1573810532.0,-2392850.325797,5385319.744499,2431824.437000
1573810532.200000000,-2392850.482481,5385319.674880,2431824.437000
1573810532.400000000,-2392850.442479,5385319.584852,2431824.595935
1573810532.600000000,-2392850.595319,5385319.506836,2431824.592098
1573810532.800000000,-2392850.562819,5385319.433691,2431824.758696
1573810533.0,-2392850.519067,5385319.335224,2431824.913794
1573810533.200000000,-2392850.515317,5385319.326785,2431824.909957
1573810533.400000000,-2392850.486565,5385319.262075,2431825.080401
1573810533.600000000,-2392850.614498,5385319.127750,2431825.250835
1573810533.800000000,-2392850.585746,5385319.063040,2431825.421279
1573810534.0,-2392850.578246,5385319.046161,2431825.413606
1573810534.200000000,-2392850.538244,5385318.956134,2431825.572541
1573810534.400000000,-2392850.381560,5385319.025753,2431825.572541
1573810534.600000000,-2392850.356559,5385318.969486,2431825.746811
1573810534.800000000,-2392850.371558,5385319.003243,2431825.762157
1573810535.0,-2392850.201215,5385319.041867,2431825.947947
1573810535.200000000,-2392850.189966,5385319.016550,2431825.936438
1573810535.400000000,-2392850.044531,5385319.111486,2431825.947947
1573810535.600000000,-2392850.063280,5385319.153682,2431825.967130
1573810535.800000000,-2392849.917846,5385319.248619,2431825.978640
1573810536.0,-2392849.753756,5385319.301318,2431825.970967
1573810536.200000000,-2392849.604572,5385319.387816,2431825.978640
1573810536.400000000,-2392849.612071,5385319.404694,2431825.986313
1573810536.600000000,-2392849.499139,5385319.572780,2431825.831215
1573810536.800000000,-2392849.350049,5385319.659235,2431825.838888
1573810537.0,-2392849.204614,5385319.754172,2431825.850398
1573810537.200000000,-2392849.212113,5385319.771051,2431825.858071
1573810537.400000000,-2392849.055430,5385319.840670,2431825.858071
1573810537.600000000,-2392848.916341,5385319.949635,2431825.676127
1573810537.800000000,-2392848.916341,5385319.949635,2431825.676127
1573810538.0,-2392848.795909,5385320.100843,2431825.513356
1573810538.200000000,-2392848.624226,5385320.136705,2431825.498010
1573810538.400000000,-2392848.478885,5385320.231600,2431825.509520
1573810538.600000000,-2392848.497634,5385320.273796,2431825.528702
1573810538.800000000,-2392848.365953,5385320.399686,2431825.354422
1573810539.0,-2392848.201769,5385320.452426,2431825.346749
1573810539.200000000,-2392848.081430,5385320.603588,2431825.183988
1573810539.400000000,-2392848.085179,5385320.612027,2431825.187824
1573810539.600000000,-2392847.917246,5385320.656329,2431825.176315
1573810539.800000000,-2392847.768062,5385320.742826,2431825.183988
1573810540.0,-2392847.779311,5385320.768144,2431825.195497
1573810540.200000000,-2392847.630221,5385320.854599,2431825.203171
1573810540.400000000,-2392847.462287,5385320.898901,2431825.191661
1573810540.600000000,-2392847.458538,5385320.890462,2431825.187824
1573810540.800000000,-2392847.313103,5385320.985398,2431825.199334
1573810541.0,-2392847.156513,5385321.054976,2431825.199334
1573810541.200000000,-2392847.156513,5385321.054976,2431825.199334
1573810541.400000000,-2392846.978578,5385321.076767,2431825.377441
1573810541.600000000,-2392846.844393,5385321.197021,2431825.400460
1573810541.800000000,-2392846.825644,5385321.154825,2431825.381277
1573810542.0,-2392846.680303,5385321.249720,2431825.392787
1573810542.200000000,-2392846.531119,5385321.336217,2431825.400460
1573810542.400000000,-2392846.538618,5385321.353096,2431825.408133
1573810542.600000000,-2392846.378184,5385321.414276,2431825.404297
1573810542.800000000,-2392846.217845,5385321.475414,2431825.400460
1573810543.0,-2392846.225344,5385321.492292,2431825.408133
1573810543.200000000,-2392846.068660,5385321.561911,2431825.408133
1573810543.400000000,-2392845.911976,5385321.631530,2431825.408133
1573810543.600000000,-2392845.762886,5385321.717986,2431825.415806
1573810543.800000000,-2392845.759136,5385321.709547,2431825.411970
1573810544.0,-2392845.621201,5385321.821362,2431825.431152
1573810544.200000000,-2392845.464517,5385321.890981,2431825.431152
1573810544.400000000,-2392845.296678,5385321.935240,2431825.419643
1573810544.600000000,-2392845.151243,5385322.030177,2431825.431152
1573810544.800000000,-2392844.987059,5385322.082917,2431825.423479
1573810545.0,-2392844.987059,5385322.082917,2431825.423479
1573810545.200000000,-2392844.862970,5385322.225640,2431825.256882
1573810545.400000000,-2392844.710035,5385322.303698,2431825.260719
1573810545.600000000,-2392844.570855,5385322.412709,2431825.078765
1573810545.800000000,-2392844.570855,5385322.412709,2431825.078765
1573810546.0,-2392844.607106,5385322.494297,2431824.915994
1573810546.200000000,-2392844.450516,5385322.563875,2431824.915994
1573810546.400000000,-2392844.468018,5385322.603263,2431824.734050
1573810546.600000000,-2392844.519269,5385322.718608,2431824.586625
1573810546.800000000,-2392844.523018,5385322.727047,2431824.590462
1573810547.0,-2392844.351335,5385322.762910,2431824.575116
1573810547.200000000,-2392844.380088,5385322.827619,2431824.404672
1573810547.400000000,-2392844.223404,5385322.897238,2431824.404672
1573810547.600000000,-2392844.219654,5385322.888799,2431824.400835
1573810547.800000000,-2392844.110563,5385323.065278,2431824.249584
1573810548.0,-2392844.106814,5385323.056839,2431824.245747
1573810548.200000000,-2392843.978882,5385323.191168,2431824.075303
1573810548.400000000,-2392843.986381,5385323.208046,2431824.082976
1573810548.600000000,-2392843.829697,5385323.277665,2431824.082976
1573810548.800000000,-2392843.673107,5385323.347243,2431824.082976
1573810549.0,-2392843.508924,5385323.399983,2431824.075303
1573810549.200000000,-2392843.516423,5385323.416861,2431824.082976
1573810549.400000000,-2392843.334737,5385323.430210,2431824.257257
1573810549.600000000,-2392843.193146,5385323.533544,2431824.272603
1573810549.800000000,-2392843.043961,5385323.620041,2431824.280276
1573810550.0,-2392843.026460,5385323.580653,2431824.462220
1573810550.200000000,-2392842.858527,5385323.624954,2431824.450710
1573810550.400000000,-2392842.709436,5385323.711409,2431824.458383
1573810550.600000000,-2392842.531499,5385323.733197,2431824.636500
1573810550.800000000,-2392842.374815,5385323.802816,2431824.636500
1573810551.0,-2392842.225725,5385323.889271,2431824.644173
1573810551.200000000,-2392842.233224,5385323.906150,2431824.651847
1573810551.400000000,-2392842.080290,5385323.984208,2431824.655683
1573810551.600000000,-2392841.912357,5385324.028509,2431824.644173
1573810551.800000000,-2392841.734514,5385324.050255,2431824.822291
1573810552.0,-2392841.730764,5385324.041815,2431824.818454
1573810552.200000000,-2392841.570330,5385324.102995,2431824.814618
1573810552.400000000,-2392841.552829,5385324.063607,2431824.996561
1573810552.600000000,-2392841.403644,5385324.150104,2431825.004234
1573810552.800000000,-2392841.399894,5385324.141665,2431825.000398
1573810553.0,-2392841.232055,5385324.185924,2431824.988888
1573810553.200000000,-2392841.082871,5385324.272421,2431824.996561
1573810553.400000000,-2392841.050368,5385324.199272,2431825.163169
1573810553.600000000,-2392840.886185,5385324.252013,2431825.155496
1573810553.800000000,-2392840.864932,5385324.204181,2431825.333613
1573810554.0,-2392840.719591,5385324.299076,2431825.345122
1573810554.200000000,-2392840.559157,5385324.360255,2431825.341286
1573810554.400000000,-2392840.398724,5385324.421435,2431825.337449
1573810554.600000000,-2392840.249633,5385324.507891,2431825.345122
1573810554.800000000,-2392840.253383,5385324.516330,2431825.348959
1573810555.0,-2392840.056699,5385324.495925,2431825.507883
1573810555.200000000,-2392839.907514,5385324.582422,2431825.515556
1573810555.400000000,-2392839.890011,5385324.543030,2431825.697510
1573810555.600000000,-2392839.725922,5385324.595728,2431825.689837
1573810555.800000000,-2392839.561738,5385324.648469,2431825.682164
1573810556.0,-2392839.569238,5385324.665347,2431825.689837
1573810556.200000000,-2392839.376302,5385324.653378,2431825.852608
1573810556.400000000,-2392839.380051,5385324.661817,2431825.856444
1573810556.600000000,-2392839.355051,5385324.605550,2431826.030715
1573810556.800000000,-2392839.209710,5385324.700445,2431826.042225
1573810557.0,-2392839.049276,5385324.761624,2431826.038388
1573810557.200000000,-2392839.049276,5385324.761624,2431826.038388
1573810557.400000000,-2392838.892592,5385324.831243,2431826.038388
1573810557.600000000,-2392838.707250,5385324.836110,2431826.208832
1573810557.800000000,-2392838.710999,5385324.844549,2431826.212669
1573810558.0,-2392838.529313,5385324.857897,2431826.386949
1573810558.200000000,-2392838.376378,5385324.935955,2431826.390786
1573810558.400000000,-2392838.351378,5385324.879688,2431826.565056
1573810558.600000000,-2392838.198537,5385324.957705,2431826.568893
1573810558.800000000,-2392838.041853,5385325.027323,2431826.568893
1573810559.0,-2392838.049353,5385325.044202,2431826.576566
1573810559.200000000,-2392837.903918,5385325.139138,2431826.588075
1573810559.400000000,-2392837.878915,5385325.082867,2431826.762356
1573810559.600000000,-2392837.711076,5385325.127127,2431826.750846
1573810559.800000000,-2392837.718575,5385325.144005,2431826.758520
1573810560.0,-2392837.565641,5385325.222063,2431826.762356
1573810560.200000000,-2392837.405207,5385325.283243,2431826.758520
1573810560.400000000,-2392837.241118,5385325.335941,2431826.750846
1573810560.600000000,-2392837.216115,5385325.279670,2431826.925127
1573810560.800000000,-2392837.208616,5385325.262792,2431826.917454
1573810561.0,-2392837.201116,5385325.245914,2431826.909781
1573810561.200000000,-2392837.030680,5385325.284583,2431827.095561
1573810561.400000000,-2392837.038180,5385325.301461,2431827.103234
1573810561.600000000,-2392836.852743,5385325.306370,2431827.273678
1573810561.800000000,-2392836.841494,5385325.281053,2431827.262169
1573810562.0,-2392836.699903,5385325.384386,2431827.277515
1573810562.200000000,-2392836.659902,5385325.294359,2431827.436449
1573810562.400000000,-2392836.503217,5385325.363977,2431827.436449
1573810562.600000000,-2392836.506967,5385325.372417,2431827.440286
1573810562.800000000,-2392836.357783,5385325.458914,2431827.447959
1573810563.0,-2392836.357783,5385325.458914,2431827.447959
1573810563.200000000,-2392836.201193,5385325.528491,2431827.447959
1573810563.400000000,-2392836.008258,5385325.516525,2431827.610720
1573810563.600000000,-2392836.012008,5385325.524964,2431827.614556
1573810563.800000000,-2392835.855324,5385325.594583,2431827.614556
1573810564.0,-2392835.859074,5385325.603022,2431827.618393
1573810564.200000000,-2392835.855324,5385325.594583,2431827.614556
1573810564.400000000,-2392835.702484,5385325.672599,2431827.618393
1573810564.600000000,-2392835.681231,5385325.624767,2431827.796510
1573810564.800000000,-2392835.692480,5385325.650085,2431827.808019
1573810565.0,-2392835.507044,5385325.654994,2431827.978464
1573810565.200000000,-2392835.507044,5385325.654994,2431827.978464
1573810565.400000000,-2392835.474543,5385325.581848,2431828.145061
1573810565.600000000,-2392835.474543,5385325.581848,2431828.145061
1573810565.800000000,-2392835.449541,5385325.525577,2431828.319342
1573810566.0,-2392835.453291,5385325.534017,2431828.323178
1573810566.200000000,-2392835.279103,5385325.564243,2431828.505132
1573810566.400000000,-2392835.271604,5385325.547364,2431828.497459
1573810566.600000000,-2392835.082514,5385325.543796,2431828.664056
1573810566.800000000,-2392835.067515,5385325.510039,2431828.648710
1573810567.0,-2392834.918330,5385325.596536,2431828.656383
1573810567.200000000,-2392834.882078,5385325.514948,2431828.819154
1573810567.400000000,-2392834.893327,5385325.540265,2431828.830664
1573810567.600000000,-2392834.889578,5385325.531826,2431828.826827
1573810567.800000000,-2392834.842077,5385325.424920,2431828.978088
1573810568.0,-2392834.842077,5385325.424920,2431828.978088
1573810568.200000000,-2392834.845826,5385325.433359,2431828.981925
1573810568.400000000,-2392834.830827,5385325.399602,2431828.966579
1573810568.600000000,-2392834.775828,5385325.275822,2431829.110157
1573810568.800000000,-2392834.745830,5385325.208308,2431829.079464
1573810569.0,-2392834.693334,5385325.090159,2431829.025753
1573810569.200000000,-2392834.637088,5385324.963571,2431828.968205
1573810569.400000000,-2392834.580841,5385324.836983,2431828.910657
1573810569.600000000,-2392834.688779,5385324.657654,2431828.860781
1573810569.800000000,-2392834.673780,5385324.623897,2431828.845435
1573810570.0,-2392834.643782,5385324.556384,2431828.814743
1573810570.200000000,-2392834.617533,5385324.497309,2431828.787887
1573810570.400000000,-2392834.598785,5385324.455113,2431828.768704
1573810570.600000000,-2392834.591285,5385324.438235,2431828.761031
1573810570.800000000,-2392834.576286,5385324.404478,2431828.745685
1573810571.0,-2392834.580036,5385324.412917,2431828.749522
1573810571.200000000,-2392834.580036,5385324.412917,2431828.749522
1573810571.400000000,-2392834.568786,5385324.387599,2431828.738012
1573810571.600000000,-2392834.580036,5385324.412917,2431828.749522
1573810571.800000000,-2392834.561287,5385324.370721,2431828.730339
1573810572.0,-2392834.565037,5385324.379160,2431828.734176
1573810572.200000000,-2392834.561287,5385324.370721,2431828.730339
1573810572.400000000,-2392834.561287,5385324.370721,2431828.730339
1573810572.600000000,-2392834.565037,5385324.379160,2431828.734176
1573810572.800000000,-2392834.568786,5385324.387599,2431828.738012
1573810573.0,-2392834.565037,5385324.379160,2431828.734176
1573810573.200000000,-2392834.568786,5385324.387599,2431828.738012
1573810573.400000000,-2392834.568786,5385324.387599,2431828.738012
1573810573.600000000,-2392834.568786,5385324.387599,2431828.738012
1573810573.800000000,-2392834.568786,5385324.387599,2431828.738012
1573810574.0,-2392834.576286,5385324.404478,2431828.745685
1573810574.200000000,-2392834.576286,5385324.404478,2431828.745685
1573810574.400000000,-2392834.572536,5385324.396039,2431828.741849
1573810574.600000000,-2392834.580036,5385324.412917,2431828.749522
1573810574.800000000,-2392834.576286,5385324.404478,2431828.745685
1573810575.0,-2392834.576286,5385324.404478,2431828.745685
1573810575.200000000,-2392834.576286,5385324.404478,2431828.745685
1573810575.400000000,-2392834.580036,5385324.412917,2431828.749522
1573810575.600000000,-2392834.572536,5385324.396039,2431828.741849
1573810575.800000000,-2392834.572536,5385324.396039,2431828.741849
1573810576.0,-2392834.576286,5385324.404478,2431828.745685
1573810576.200000000,-2392834.576286,5385324.404478,2431828.745685
1573810576.400000000,-2392834.580036,5385324.412917,2431828.749522
1573810576.600000000,-2392834.572536,5385324.396039,2431828.741849
1573810576.800000000,-2392834.572536,5385324.396039,2431828.741849
1573810577.0,-2392834.572536,5385324.396039,2431828.741849
1573810577.200000000,-2392834.576286,5385324.404478,2431828.745685
1573810577.400000000,-2392834.580036,5385324.412917,2431828.749522
1573810577.600000000,-2392834.576286,5385324.404478,2431828.745685
1573810577.800000000,-2392834.580036,5385324.412917,2431828.749522
1573810578.0,-2392834.568786,5385324.387599,2431828.738012
1573810578.200000000,-2392834.572536,5385324.396039,2431828.741849
1573810578.400000000,-2392834.580036,5385324.412917,2431828.749522
1573810578.600000000,-2392834.576286,5385324.404478,2431828.745685
1573810578.800000000,-2392834.580036,5385324.412917,2431828.749522
1573810579.0,-2392834.583786,5385324.421356,2431828.753358
1573810579.200000000,-2392834.591285,5385324.438235,2431828.761031
1573810579.400000000,-2392834.602534,5385324.463552,2431828.772541
1573810579.600000000,-2392834.625033,5385324.514188,2431828.795560
1573810579.800000000,-2392834.658781,5385324.590141,2431828.830089
1573810580.0,-2392834.670030,5385324.615458,2431828.841599
1573810580.200000000,-2392834.711277,5385324.708290,2431828.883801
1573810580.400000000,-2392834.760024,5385324.817999,2431828.933676
1573810580.600000000,-2392834.816270,5385324.944587,2431828.991224
1573810580.800000000,-2392834.719582,5385325.149233,2431829.052609
1573810581.0,-2392834.775828,5385325.275822,2431829.110157
1573810581.200000000,-2392834.817076,5385325.368653,2431829.152359
1573810581.400000000,-2392834.858323,5385325.461484,2431829.194561
1573810581.600000000,-2392834.884571,5385325.520559,2431829.221417
1573810581.800000000,-2392834.933318,5385325.630269,2431829.271292
1573810582.0,-2392834.952067,5385325.672465,2431829.290474
1573810582.200000000,-2392834.963316,5385325.697782,2431829.301984
1573810582.400000000,-2392834.832880,5385325.826475,2431829.328840
1573810582.600000000,-2392834.832880,5385325.826475,2431829.328840
1573810582.800000000,-2392834.983311,5385325.742782,2431829.522303
1573810583.0,-2392834.994560,5385325.768100,2431829.533813
1573810583.200000000,-2392835.009559,5385325.801856,2431829.549159
1573810583.400000000,-2392835.141240,5385325.675967,2431829.723440
1573810583.600000000,-2392835.122492,5385325.633771,2431829.704257
1573810583.800000000,-2392835.265330,5385325.533245,2431829.890037
1573810584.0,-2392835.265330,5385325.533245,2431829.890037
1573810584.200000000,-2392835.404511,5385325.424233,2431830.071991
1573810584.400000000,-2392835.393262,5385325.398916,2431830.060481
1573810584.600000000,-2392835.502445,5385325.222391,2431830.211742
1573810584.800000000,-2392835.521194,5385325.264587,2431830.230925
1573810585.0,-2392835.517444,5385325.256148,2431830.227088
1573810585.200000000,-2392835.677784,5385325.195010,2431830.230925
1573810585.400000000,-2392835.659035,5385325.152814,2431830.211742
1573810585.600000000,-2392835.789471,5385325.024121,2431830.184886
1573810585.800000000,-2392835.781971,5385325.007242,2431830.177213
1573810586.0,-2392835.602789,5385325.026226,2431830.154194
1573810586.200000000,-2392835.572791,5385324.958712,2431830.123502
1573810586.400000000,-2392835.517792,5385324.834931,2431830.267080
1573810586.600000000,-2392835.491544,5385324.775857,2431830.240224
1573810586.800000000,-2392835.476545,5385324.742100,2431830.224878
1573810587.0,-2392835.440293,5385324.660512,2431830.387649
1573810587.200000000,-2392835.429043,5385324.635194,2431830.376139
1573810587.400000000,-2392835.417794,5385324.609876,2431830.364630
1573810587.600000000,-2392835.232452,5385324.614743,2431830.535074
1573810587.800000000,-2392835.214950,5385324.575355,2431830.717017
1573810588.0,-2392835.222450,5385324.592233,2431830.724690
1573810588.200000000,-2392835.204947,5385324.552841,2431830.906644
1573810588.400000000,-2392835.198693,5385324.538766,2431831.100107
1573810588.600000000,-2392835.213692,5385324.572522,2431831.115453
1573810588.800000000,-2392835.360280,5385324.480435,2431831.305070
1573810589.0,-2392835.390278,5385324.547949,2431831.335762
1573810589.200000000,-2392835.380275,5385324.525435,2431831.525389
1573810589.400000000,-2392835.391524,5385324.550753,2431831.536899
1573810589.600000000,-2392835.206182,5385324.555619,2431831.707343
1573810589.800000000,-2392835.228680,5385324.606255,2431831.730362
1573810590.0,-2392835.214928,5385324.575305,2431831.916142
1573810590.200000000,-2392835.218678,5385324.583744,2431831.919979
1573810590.400000000,-2392835.361515,5385324.483214,2431832.105769
1573810590.600000000,-2392835.376514,5385324.516971,2431832.121115
1573810590.800000000,-2392835.380264,5385324.525410,2431832.124952
