GPGGA,1573636792992098093,1573636793.0,4,20,22.5400366667,113.924266667,14.51
GPGGA,1573636793171355009,1573636793.200000000,4,21,22.5400383333,113.924266667,14.52
GPGGA,1573636793371222972,1573636793.400000000,4,21,22.5400383333,113.924266667,14.57
GPGGA,1573636793571157932,1573636793.600000000,4,21,22.5400383333,113.924268333,14.59
GPGGA,1573636793772070884,1573636793.800000000,4,21,22.5400383333,113.924268333,14.56
GPHDT,nan
GPGGA,1573636793992053985,1573636794.0,4,21,22.54004,113.92427,14.59
GPGGA,1573636794171180009,1573636794.200000000,4,20,22.5400416667,113.924271667,14.61
GPGGA,1573636794371187925,1573636794.400000000,4,20,22.5400433333,113.924271667,14.59
GPGGA,1573636794571137905,1573636794.600000000,4,20,22.540045,113.924273333,14.59
GPGGA,1573636794771457910,1573636794.800000000,4,20,22.540045,113.924273333,14.62
GPHDT,nan
GPGGA,1573636794992341041,1573636795.0,4,20,22.5400466667,113.924275,14.61
GPGGA,1573636795171195983,1573636795.200000000,4,21,22.5400466667,113.924276667,14.61
GPGGA,1573636795371198892,1573636795.400000000,4,21,22.5400466667,113.924276667,14.62
GPGGA,1573636795571065902,1573636795.600000000,4,21,22.5400483333,113.924278333,14.66
GPGGA,1573636795771158933,1573636795.800000000,4,21,22.5400483333,113.92428,14.64
GPHDT,nan
GPGGA,1573636795992117881,1573636796.0,4,21,22.5400483333,113.92428,14.64
GPGGA,1573636796171096086,1573636796.200000000,4,22,22.54005,113.924281667,14.66
GPGGA,1573636796371309041,1573636796.400000000,4,22,22.54005,113.924283333,14.65
GPGGA,1573636796571178913,1573636796.600000000,4,20,22.54005,113.924285,14.64
GPGGA,1573636796771106004,1573636796.800000000,4,20,22.54005,113.924286667,14.66
GPHDT,nan
GPGGA,1573636796992161989,1573636797.0,4,19,22.54005,113.924286667,14.66
GPGGA,1573636797171132087,1573636797.200000000,4,21,22.54005,113.924288333,14.65
GPGGA,1573636797371229887,1573636797.400000000,4,21,22.54005,113.92429,14.64
GPGGA,1573636797571171045,1573636797.600000000,4,21,22.54005,113.924291667,14.65
GPGGA,1573636797771192073,1573636797.800000000,4,21,22.54005,113.924293333,14.64
GPHDT,nan
GPGGA,1573636797992098093,1573636798.0,4,21,22.54005,113.924295,14.66
GPGGA,1573636798171303033,1573636798.200000000,4,22,22.54005,113.924296667,14.63
GPGGA,1573636798372051954,1573636798.400000000,4,21,22.54005,113.924296667,14.64
GPGGA,1573636798571264028,1573636798.600000000,4,21,22.54005,113.924298333,14.61
GPGGA,1573636798771610021,1573636798.800000000,4,21,22.54005,113.9243,14.61
GPHDT,nan
GPGGA,1573636798992170095,1573636799.0,4,21,22.54005,113.924301667,14.64
GPGGA,1573636799171180963,1573636799.200000000,4,22,22.5400516667,113.924303333,14.63
GPGGA,1573636799371191978,1573636799.400000000,4,22,22.5400516667,113.924303333,14.63
GPGGA,1573636799571125984,1573636799.600000000,4,22,22.5400516667,113.924305,14.68
GPGGA,1573636799771269083,1573636799.800000000,4,21,22.5400533333,113.924306667,14.61
GPHDT,nan
GPGGA,1573636799992717027,1573636700.0,4,21,22.5400533333,113.924306667,14.66
GPGGA,1573636800171185016,1573636800.200000000,4,22,22.5400533333,113.924306667,14.72
GPGGA,1573636800371126890,1573636800.400000000,4,20,22.540055,113.924308333,14.77
GPGGA,1573636800571310997,1573636800.600000000,4,20,22.540055,113.924308333,14.79
GPGGA,1573636800771285057,1573636800.800000000,4,19,22.540055,113.924308333,14.78
GPGGA,1573636800973191976,1573636801.0,4,19,22.540055,113.92431,14.75
GPGGA,1573636801171416044,1573636801.200000000,4,22,22.540055,113.92431,14.66
GPGGA,1573636801371140956,1573636801.400000000,4,22,22.5400566667,113.92431,14.63
GPGGA,1573636801571160078,1573636801.600000000,4,20,22.5400566667,113.92431,14.65
GPGGA,1573636801771171092,1573636801.800000000,4,20,22.5400566667,113.92431,14.68
GPHDT,nan
GPGGA,1573636801991225004,1573636802.0,4,20,22.5400566667,113.924308333,14.74
GPGGA,1573636802171150922,1573636802.200000000,4,22,22.5400566667,113.924308333,14.7
GPGGA,1573636802372183084,1573636802.400000000,4,22,22.5400566667,113.924308333,14.66
GPGGA,1573636802571193933,1573636802.600000000,4,22,22.5400566667,113.92431,14.64
GPGGA,1573636802771109104,1573636802.800000000,4,21,22.5400566667,113.92431,14.62
GPHDT,nan
GPGGA,1573636802992381095,1573636803.0,4,20,22.540055,113.924311667,14.65
GPGGA,1573636803171147108,1573636803.200000000,4,21,22.540055,113.924311667,14.67
GPGGA,1573636803371174097,1573636803.400000000,4,21,22.540055,113.924311667,14.7
GPGGA,1573636803571367979,1573636803.600000000,4,21,22.5400566667,113.924313333,14.7
GPGGA,1573636803771167993,1573636803.800000000,4,21,22.5400566667,113.924313333,14.67
GPHDT,nan
GPGGA,1573636803992122888,1573636804.0,4,21,22.5400566667,113.924313333,14.63
GPGGA,1573636804171190023,1573636804.200000000,4,21,22.5400566667,113.924315,14.59
GPGGA,1573636804371171951,1573636804.400000000,4,21,22.5400566667,113.924315,14.57
GPGGA,1573636804571249008,1573636804.600000000,4,20,22.5400566667,113.924316667,14.6
GPGGA,1573636804771095037,1573636804.800000000,4,20,22.5400566667,113.924318333,14.65
GPHDT,nan
GPGGA,1573636804991084098,1573636805.0,4,20,22.5400566667,113.924318333,14.67
GPGGA,1573636805171088933,1573636805.200000000,4,20,22.5400566667,113.92432,14.69
GPGGA,1573636805371397018,1573636805.400000000,4,20,22.5400566667,113.92432,14.71
GPGGA,1573636805571291923,1573636805.600000000,4,20,22.5400566667,113.92432,14.75
GPGGA,1573636805771235942,1573636805.800000000,4,20,22.5400566667,113.92432,14.75
GPHDT,nan
GPGGA,1573636805991262912,1573636806.0,4,20,22.5400566667,113.924321667,14.75
GPGGA,1573636806171148061,1573636806.200000000,4,22,22.5400566667,113.924321667,14.75
GPGGA,1573636806371290922,1573636806.400000000,4,21,22.5400566667,113.924323333,14.7
GPGGA,1573636806571207046,1573636806.600000000,4,21,22.5400566667,113.924325,14.66
GPGGA,1573636806771296977,1573636806.800000000,4,21,22.540055,113.924326667,14.58
GPGGA,1573636806974359035,1573636807.0,4,20,22.540055,113.924328333,14.55
GPGGA,1573636807171355962,1573636807.200000000,4,21,22.540055,113.924328333,14.56
GPGGA,1573636807371299028,1573636807.400000000,4,20,22.540055,113.92433,14.58
GPGGA,1573636807571338891,1573636807.600000000,4,20,22.540055,113.924331667,14.63
GPGGA,1573636807771130084,1573636807.800000000,4,20,22.5400533333,113.924333333,14.69
GPGGA,1573636807973208904,1573636808.0,4,20,22.5400533333,113.924333333,14.68
GPGGA,1573636808171318054,1573636808.200000000,4,22,22.540055,113.924335,14.59
GPGGA,1573636808371386051,1573636808.400000000,4,22,22.540055,113.924335,14.6
GPGGA,1573636808571259021,1573636808.600000000,4,22,22.540055,113.924335,14.59
GPGGA,1573636808771199941,1573636808.800000000,4,22,22.540055,113.924336667,14.57
GPHDT,nan
GPGGA,1573636808991343975,1573636809.0,4,22,22.540055,113.924336667,14.58
GPGGA,1573636809171227931,1573636809.200000000,4,22,22.5400533333,113.924336667,14.57
GPGGA,1573636809371153116,1573636809.400000000,4,22,22.5400533333,113.924336667,14.54
GPGGA,1573636809571254968,1573636809.600000000,4,22,22.5400516667,113.924336667,14.52
GPGGA,1573636809771229982,1573636809.800000000,4,22,22.54005,113.924336667,14.54
GPHDT,nan
GPGGA,1573636809991271018,1573636810.0,4,22,22.5400483333,113.924336667,14.51
GPGGA,1573636810171171903,1573636810.200000000,4,22,22.5400466667,113.924336667,14.52
GPGGA,1573636810371172904,1573636810.400000000,4,22,22.5400466667,113.924338333,14.55
GPGGA,1573636810571285009,1573636810.600000000,4,22,22.540045,113.924338333,14.57
GPGGA,1573636810771169900,1573636810.800000000,4,22,22.540045,113.92434,14.59
GPHDT,nan
GPGGA,1573636810992273092,1573636811.0,4,22,22.540045,113.92434,14.64
GPGGA,1573636811171209096,1573636811.200000000,4,22,22.540045,113.92434,14.67
GPGGA,1573636811371298074,1573636811.400000000,4,22,22.540045,113.924341667,14.68
GPGGA,1573636811571254014,1573636811.600000000,4,22,22.540045,113.924343333,14.63
GPGGA,1573636811771219015,1573636811.800000000,4,22,22.540045,113.924343333,14.55
GPHDT,nan
GPGGA,1573636811992214918,1573636812.0,4,21,22.540045,113.924345,14.55
GPGGA,1573636812171205997,1573636812.200000000,4,21,22.540045,113.924346667,14.53
GPGGA,1573636812371208906,1573636812.400000000,4,20,22.5400433333,113.924346667,14.57
GPGGA,1573636812571224927,1573636812.600000000,4,19,22.5400433333,113.924348333,14.61
GPGGA,1573636812771179914,1573636812.800000000,4,18,22.5400433333,113.92435,14.67
GPHDT,nan
GPGGA,1573636812992180109,1573636813.0,4,18,22.5400433333,113.92435,14.7
GPGGA,1573636813171454906,1573636813.200000000,4,19,22.540045,113.92435,14.74
GPGGA,1573636813371299028,1573636813.400000000,4,18,22.540045,113.924351667,14.76
GPGGA,1573636813571186065,1573636813.600000000,4,17,22.540045,113.924351667,14.8
GPGGA,1573636813771223068,1573636813.800000000,4,17,22.5400433333,113.924353333,14.78
GPHDT,nan
GPGGA,1573636813991211891,1573636814.0,4,17,22.5400433333,113.924353333,14.75
GPGGA,1573636814171375036,1573636814.200000000,4,17,22.5400433333,113.924355,14.72
GPGGA,1573636814371258974,1573636814.400000000,4,17,22.5400433333,113.924355,14.66
GPGGA,1573636814571283102,1573636814.600000000,4,17,22.5400433333,113.924355,14.59
GPGGA,1573636814771286010,1573636814.800000000,4,17,22.540045,113.924356667,14.58
GPHDT,nan
GPGGA,1573636814991425991,1573636815.0,4,17,22.540045,113.924356667,14.57
GPGGA,1573636815171263933,1573636815.200000000,4,19,22.540045,113.924356667,14.54
GPGGA,1573636815371220111,1573636815.400000000,4,19,22.5400433333,113.924358333,14.5
GPGGA,1573636815571491956,1573636815.600000000,4,19,22.5400433333,113.924358333,14.5
GPGGA,1573636815771291017,1573636815.800000000,4,19,22.5400433333,113.92436,14.51
GPHDT,nan
GPGGA,1573636815991244077,1573636816.0,4,19,22.5400433333,113.92436,14.55
GPGGA,1573636816171286106,1573636816.200000000,4,19,22.5400416667,113.924361667,14.57
GPGGA,1573636816371301889,1573636816.400000000,4,19,22.5400416667,113.924361667,14.6
GPGGA,1573636816571404933,1573636816.600000000,4,19,22.5400416667,113.924361667,14.6
GPGGA,1573636816771214962,1573636816.800000000,4,19,22.5400416667,113.924363333,14.62
GPHDT,nan
GPGGA,1573636816991332054,1573636817.0,4,18,22.5400416667,113.924363333,14.62
GPGGA,1573636817171549081,1573636817.200000000,4,20,22.54004,113.924363333,14.64
GPGGA,1573636817371304035,1573636817.400000000,4,20,22.54004,113.924365,14.64
GPGGA,1573636817571244001,1573636817.600000000,4,20,22.5400383333,113.924365,14.62
GPGGA,1573636817771222114,1573636817.800000000,4,20,22.5400383333,113.924365,14.6
GPHDT,nan
GPGGA,1573636817991729021,1573636818.0,4,20,22.5400383333,113.924365,14.61
GPGGA,1573636818171277046,1573636818.200000000,4,20,22.5400383333,113.924366667,14.6
GPGGA,1573636818371244907,1573636818.400000000,4,20,22.5400383333,113.924368333,14.65
GPGGA,1573636818571305036,1573636818.600000000,4,20,22.5400383333,113.924368333,14.63
GPGGA,1573636818771325111,1573636818.800000000,4,20,22.5400383333,113.92437,14.65
GPHDT,nan
GPGGA,1573636818991380929,1573636819.0,4,20,22.5400383333,113.924371667,14.63
GPGGA,1573636819171667098,1573636819.200000000,4,21,22.5400383333,113.924373333,14.63
GPGGA,1573636819371304035,1573636819.400000000,4,20,22.5400383333,113.924375,14.63
GPGGA,1573636819571399927,1573636819.600000000,4,20,22.5400383333,113.924375,14.61
GPGGA,1573636819771301031,1573636819.800000000,4,20,22.5400383333,113.924376667,14.61
GPHDT,nan
GPGGA,1573636819991272926,1573636820.0,4,20,22.5400383333,113.924378333,14.63
GPGGA,1573636820171221017,1573636820.200000000,4,21,22.5400383333,113.924378333,14.63
GPGGA,1573636820371510028,1573636820.400000000,4,21,22.5400383333,113.92438,14.64
GPGGA,1573636820571321010,1573636820.600000000,4,21,22.5400366667,113.924381667,14.63
GPGGA,1573636820771250009,1573636820.800000000,4,21,22.5400366667,113.924383333,14.63
GPHDT,nan
GPGGA,1573636820991642951,1573636821.0,4,21,22.5400366667,113.924385,14.64
GPGGA,1573636821171528100,1573636821.200000000,4,22,22.540035,113.924385,14.62
GPGGA,1573636821371397972,1573636821.400000000,4,22,22.540035,113.924386667,14.62
GPGGA,1573636821571271896,1573636821.600000000,4,22,22.540035,113.924388333,14.63
GPGGA,1573636821771308898,1573636821.800000000,4,22,22.540035,113.924388333,14.61
GPHDT,nan
GPGGA,1573636821992038011,1573636822.0,4,22,22.5400333333,113.92439,14.61
GPGGA,1573636822171233892,1573636822.200000000,4,22,22.5400333333,113.92439,14.61
GPGGA,1573636822371232032,1573636822.400000000,4,22,22.5400316667,113.924391667,14.62
GPGGA,1573636822571304082,1573636822.600000000,4,21,22.5400316667,113.924391667,14.61
GPGGA,1573636822771348953,1573636822.800000000,4,20,22.54003,113.924393333,14.57
GPHDT,nan
GPGGA,1573636822992240905,1573636823.0,4,20,22.54003,113.924393333,14.59
GPGGA,1573636823171278953,1573636823.200000000,4,21,22.5400283333,113.924395,14.62
GPGGA,1573636823371212959,1573636823.400000000,4,21,22.5400283333,113.924395,14.61
GPGGA,1573636823571558952,1573636823.600000000,4,21,22.5400266667,113.924396667,14.59
GPGGA,1573636823771279096,1573636823.800000000,4,21,22.540025,113.924398333,14.59
GPHDT,nan
GPGGA,1573636823991298913,1573636824.0,4,21,22.540025,113.924398333,14.58
GPGGA,1573636824171314954,1573636824.200000000,4,22,22.5400233333,113.9244,14.52
GPGGA,1573636824371654033,1573636824.400000000,4,21,22.5400233333,113.9244,14.55
GPGGA,1573636824571284055,1573636824.600000000,4,21,22.5400233333,113.924401667,14.57
GPGGA,1573636824771434068,1573636824.800000000,4,21,22.5400216667,113.924403333,14.56
GPHDT,nan
GPGGA,1573636824991345882,1573636825.0,4,20,22.5400216667,113.924403333,14.52
GPGGA,1573636825171380996,1573636825.200000000,4,21,22.54002,113.924405,14.52
GPGGA,1573636825371397018,1573636825.400000000,4,21,22.54002,113.924405,14.5
GPGGA,1573636825571362018,1573636825.600000000,4,21,22.5400183333,113.924406667,14.47
GPGGA,1573636825770334005,1573636825.800000000,4,20,22.5400183333,113.924408333,14.47
GPHDT,nan
GPGGA,1573636825991405010,1573636826.0,4,20,22.5400166667,113.92441,14.47
GPGGA,1573636826171284914,1573636826.200000000,4,21,22.5400166667,113.92441,14.47
GPGGA,1573636826371258974,1573636826.400000000,4,21,22.540015,113.924411667,14.49
GPGGA,1573636826571348905,1573636826.600000000,4,21,22.5400133333,113.924411667,14.5
GPGGA,1573636826770335912,1573636826.800000000,4,21,22.5400133333,113.924413333,14.47
GPHDT,nan
GPGGA,1573636826991277933,1573636827.0,4,21,22.5400116667,113.924413333,14.46
GPGGA,1573636827171304941,1573636827.200000000,4,21,22.5400116667,113.924415,14.48
GPGGA,1573636827371309041,1573636827.400000000,4,21,22.5400116667,113.924416667,14.46
GPGGA,1573636827571358919,1573636827.600000000,4,21,22.54001,113.924416667,14.47
GPGGA,1573636827771256923,1573636827.800000000,4,20,22.5400083333,113.924418333,14.47
GPHDT,nan
GPGGA,1573636827991365909,1573636828.0,4,20,22.5400066667,113.92442,14.46
GPGGA,1573636828171366930,1573636828.200000000,4,20,22.5400066667,113.92442,14.42
GPGGA,1573636828371290922,1573636828.400000000,4,20,22.540005,113.924421667,14.47
GPGGA,1573636828571271896,1573636828.600000000,4,20,22.540005,113.924423333,14.5
GPGGA,1573636828770345926,1573636828.800000000,4,20,22.5400033333,113.924423333,14.5
GPHDT,nan
GPGGA,1573636828991477966,1573636829.0,4,20,22.5400033333,113.924425,14.5
GPGGA,1573636829171324968,1573636829.200000000,4,20,22.5400016667,113.924426667,14.51
GPGGA,1573636829371360063,1573636829.400000000,4,20,22.5400016667,113.924428333,14.49
GPGGA,1573636829571309089,1573636829.600000000,4,20,22.5400016667,113.924428333,14.45
GPGGA,1573636829770359039,1573636829.800000000,4,20,22.5400016667,113.92443,14.47
GPHDT,nan
GPGGA,1573636829991261005,1573636830.0,4,20,22.54,113.924431667,14.49
GPGGA,1573636830171279907,1573636830.200000000,4,20,22.54,113.924431667,14.47
GPGGA,1573636830370409965,1573636830.400000000,4,20,22.5399983333,113.924433333,14.46
GPGGA,1573636830570431947,1573636830.600000000,4,20,22.5399983333,113.924435,14.49
GPGGA,1573636830770402908,1573636830.800000000,4,20,22.5399983333,113.924436667,14.47
GPHDT,nan
GPGGA,1573636830991427898,1573636831.0,4,20,22.5399966667,113.924438333,14.47
GPGGA,1573636831170347929,1573636831.200000000,4,22,22.5399966667,113.92444,14.5
GPGGA,1573636831370296955,1573636831.400000000,4,22,22.5399966667,113.924441667,14.46
GPGGA,1573636831571319103,1573636831.600000000,4,22,22.5399966667,113.924441667,14.46
GPGGA,1573636831771323919,1573636831.800000000,4,22,22.539995,113.924443333,14.43
GPHDT,nan
GPGGA,1573636831991247892,1573636832.0,4,22,22.539995,113.924445,14.48
GPGGA,1573636832171351909,1573636832.200000000,4,22,22.539995,113.924446667,14.44
GPGGA,1573636832371525049,1573636832.400000000,4,21,22.539995,113.924446667,14.44
GPGGA,1573636832571533918,1573636832.600000000,4,21,22.539995,113.924448333,14.45
GPGGA,1573636832771406888,1573636832.800000000,4,21,22.5399933333,113.92445,14.46
GPHDT,nan
GPGGA,1573636832995547056,1573636833.0,4,21,22.5399933333,113.924451667,14.43
GPGGA,1573636833171520948,1573636833.200000000,4,22,22.5399933333,113.924453333,14.43
GPGGA,1573636833371378898,1573636833.400000000,4,22,22.5399916667,113.924453333,14.45
GPGGA,1573636833571337938,1573636833.600000000,4,22,22.5399916667,113.924455,14.43
GPGGA,1573636833771377086,1573636833.800000000,4,22,22.5399916667,113.924456667,14.42
GPHDT,nan
GPGGA,1573636833992563009,1573636834.0,4,22,22.53999,113.924456667,14.42
GPGGA,1573636834171315908,1573636834.200000000,4,22,22.53999,113.924458333,14.44
GPGGA,1573636834370405912,1573636834.400000000,4,22,22.53999,113.92446,14.43
GPGGA,1573636834571379899,1573636834.600000000,4,22,22.5399883333,113.92446,14.44
GPGGA,1573636834771572113,1573636834.800000000,4,22,22.5399883333,113.924461667,14.44
GPHDT,nan
GPGGA,1573636834991400957,1573636835.0,4,22,22.5399866667,113.924461667,14.45
GPGGA,1573636835171293973,1573636835.200000000,4,22,22.5399866667,113.924463333,14.43
GPGGA,1573636835370312929,1573636835.400000000,4,22,22.5399866667,113.924463333,14.42
GPGGA,1573636835570322990,1573636835.600000000,4,20,22.539985,113.924465,14.42
GPGGA,1573636835771362066,1573636835.800000000,4,20,22.539985,113.924465,14.44
GPHDT,nan
GPGGA,1573636835991307973,1573636836.0,4,20,22.539985,113.924465,14.44
GPGGA,1573636836171266078,1573636836.200000000,4,20,22.5399833333,113.924466667,14.46
GPGGA,1573636836370389938,1573636836.400000000,4,20,22.5399833333,113.924466667,14.42
GPGGA,1573636836570396900,1573636836.600000000,4,19,22.5399833333,113.924466667,14.44
GPGGA,1573636836770404100,1573636836.800000000,4,19,22.5399833333,113.924465,14.41
GPHDT,nan
GPGGA,1573636836992441892,1573636837.0,4,19,22.5399833333,113.924463333,14.36
GPGGA,1573636837171586036,1573636837.200000000,4,21,22.5399833333,113.924463333,14.35
GPGGA,1573636837370435953,1573636837.400000000,4,21,22.5399833333,113.924461667,14.33
GPGGA,1573636837570575952,1573636837.600000000,4,21,22.5399833333,113.924461667,14.37
GPGGA,1573636837771359920,1573636837.800000000,4,21,22.5399833333,113.92446,14.38
GPHDT,nan
GPGGA,1573636837991314888,1573636838.0,4,21,22.5399833333,113.92446,14.4
GPGGA,1573636838171355009,1573636838.200000000,4,22,22.5399833333,113.924458333,14.39
GPGGA,1573636838370366096,1573636838.400000000,4,22,22.5399833333,113.924458333,14.41
GPGGA,1573636838570426940,1573636838.600000000,4,21,22.5399833333,113.924456667,14.39
GPGGA,1573636838771508932,1573636838.800000000,4,21,22.539985,113.924455,14.4
GPHDT,nan
GPGGA,1573636838991446971,1573636839.0,4,21,22.539985,113.924455,14.4
GPGGA,1573636839171377897,1573636839.200000000,4,22,22.5399866667,113.924453333,14.39
GPGGA,1573636839371412992,1573636839.400000000,4,22,22.5399866667,113.924453333,14.41
GPGGA,1573636839571463108,1573636839.600000000,4,22,22.5399883333,113.924451667,14.44
GPGGA,1573636839771306037,1573636839.800000000,4,22,22.5399883333,113.92445,14.41
GPHDT,nan
GPGGA,1573636839991437911,1573636840.0,4,22,22.53999,113.924448333,14.39
GPGGA,1573636840171452999,1573636840.200000000,4,21,22.53999,113.924446667,14.41
GPGGA,1573636840370623111,1573636840.400000000,4,21,22.53999,113.924445,14.43
GPGGA,1573636840570394039,1573636840.600000000,4,21,22.5399916667,113.924445,14.38
GPGGA,1573636840770417928,1573636840.800000000,4,21,22.5399916667,113.924443333,14.39
GPHDT,nan
GPGGA,1573636840991568088,1573636841.0,4,21,22.5399916667,113.924441667,14.4
GPGGA,1573636841171574115,1573636841.200000000,4,21,22.5399916667,113.92444,14.38
GPGGA,1573636841371718883,1573636841.400000000,4,21,22.5399916667,113.924438333,14.37
GPGGA,1573636841570307016,1573636841.600000000,4,21,22.5399933333,113.924436667,14.4
GPGGA,1573636841770489931,1573636841.800000000,4,21,22.5399933333,113.924435,14.37
GPHDT,nan
GPGGA,1573636841991380929,1573636842.0,4,21,22.5399933333,113.924433333,14.37
GPGGA,1573636842171323060,1573636842.200000000,4,21,22.539995,113.924431667,14.4
GPGGA,1573636842371330976,1573636842.400000000,4,21,22.539995,113.92443,14.42
GPGGA,1573636842570468902,1573636842.600000000,4,21,22.539995,113.92443,14.39
GPGGA,1573636842771473884,1573636842.800000000,4,21,22.539995,113.924428333,14.4
GPHDT,nan
GPGGA,1573636842991477012,1573636843.0,4,21,22.539995,113.924426667,14.4
GPGGA,1573636843171396017,1573636843.200000000,4,21,22.5399966667,113.924425,14.38
GPGGA,1573636843371407032,1573636843.400000000,4,21,22.5399966667,113.924423333,14.36
GPGGA,1573636843570461034,1573636843.600000000,4,21,22.5399983333,113.924421667,14.41
GPGGA,1573636843771401882,1573636843.800000000,4,21,22.5399983333,113.92442,14.37
GPHDT,nan
GPGGA,1573636843991345882,1573636844.0,4,21,22.5399983333,113.924418333,14.38
GPGGA,1573636844171435117,1573636844.200000000,4,22,22.5399983333,113.924416667,14.4
GPGGA,1573636844370464086,1573636844.400000000,4,21,22.54,113.924415,14.39
GPGGA,1573636844570379018,1573636844.600000000,4,21,22.54,113.924413333,14.36
GPGGA,1573636844771409988,1573636844.800000000,4,21,22.54,113.924411667,14.42
GPHDT,nan
GPGGA,1573636844992353916,1573636845.0,4,21,22.5400016667,113.92441,14.42
GPGGA,1573636845170442104,1573636845.200000000,4,21,22.5400016667,113.924408333,14.4
GPGGA,1573636845370480060,1573636845.400000000,4,21,22.5400016667,113.924406667,14.39
GPGGA,1573636845570509910,1573636845.600000000,4,21,22.5400016667,113.924405,14.42
GPGGA,1573636845770612001,1573636845.800000000,4,21,22.5400016667,113.924403333,14.4
GPHDT,nan
GPGGA,1573636845991398096,1573636846.0,4,21,22.5400033333,113.924401667,14.44
GPGGA,1573636846171384096,1573636846.200000000,4,22,22.5400033333,113.9244,14.44
GPGGA,1573636846371484994,1573636846.400000000,4,22,22.5400033333,113.924398333,14.41
GPGGA,1573636846570473909,1573636846.600000000,4,22,22.5400016667,113.924396667,14.42
GPGGA,1573636846770394086,1573636846.800000000,4,22,22.5400033333,113.924395,14.44
GPHDT,nan
GPGGA,1573636846991417884,1573636847.0,4,22,22.5400033333,113.924393333,14.42
GPGGA,1573636847171380043,1573636847.200000000,4,21,22.5400033333,113.924391667,14.45
GPGGA,1573636847371398925,1573636847.400000000,4,20,22.540005,113.92439,14.49
GPGGA,1573636847570497035,1573636847.600000000,4,20,22.540005,113.924388333,14.45
GPGGA,1573636847770658016,1573636847.800000000,4,20,22.540005,113.924386667,14.47
GPHDT,nan
GPGGA,1573636847991375923,1573636848.0,4,20,22.540005,113.924385,14.49
GPGGA,1573636848170675992,1573636848.200000000,4,22,22.540005,113.924383333,14.49
GPGGA,1573636848370484113,1573636848.400000000,4,22,22.540005,113.924381667,14.44
GPGGA,1573636848570476055,1573636848.600000000,4,21,22.540005,113.92438,14.5
GPGGA,1573636848770543098,1573636848.800000000,4,21,22.540005,113.924378333,14.51
GPHDT,nan
GPGGA,1573636848991391897,1573636849.0,4,20,22.540005,113.924376667,14.51
GPGGA,1573636849171487092,1573636849.200000000,4,22,22.540005,113.924375,14.53
GPGGA,1573636849371465921,1573636849.400000000,4,21,22.5400066667,113.924373333,14.53
GPGGA,1573636849570470094,1573636849.600000000,4,21,22.5400066667,113.924371667,14.57
GPGGA,1573636849770486116,1573636849.800000000,4,21,22.5400083333,113.924371667,14.58
GPHDT,nan
GPGGA,1573636849991615056,1573636850.0,4,21,22.5400083333,113.92437,14.59
GPGGA,1573636850171542882,1573636850.200000000,4,22,22.5400083333,113.924368333,14.55
GPGGA,1573636850370434045,1573636850.400000000,4,21,22.5400083333,113.924366667,14.55
GPGGA,1573636850570497035,1573636850.600000000,4,21,22.5400083333,113.924365,14.55
GPGGA,1573636850770482063,1573636850.800000000,4,21,22.5400083333,113.924361667,14.56
GPHDT,nan
GPGGA,1573636850991458892,1573636851.0,4,21,22.54001,113.92436,14.56
GPGGA,1573636851171009063,1573636851.200000000,4,21,22.54001,113.924358333,14.6
GPGGA,1573636851370479106,1573636851.400000000,4,21,22.5400116667,113.924356667,14.58
GPGGA,1573636851570478916,1573636851.600000000,4,21,22.5400116667,113.924355,14.58
GPGGA,1573636851770629882,1573636851.800000000,4,21,22.5400133333,113.924353333,14.62
GPHDT,nan
GPGGA,1573636851991420030,1573636852.0,4,21,22.5400133333,113.924353333,14.59
GPGGA,1573636852170664072,1573636852.200000000,4,22,22.540015,113.924351667,14.59
GPGGA,1573636852371646881,1573636852.400000000,4,21,22.540015,113.92435,14.63
GPGGA,1573636852570635080,1573636852.600000000,4,21,22.540015,113.92435,14.63
GPGGA,1573636852770451068,1573636852.800000000,4,21,22.540015,113.924348333,14.59
GPHDT,nan
GPGGA,1573636852991384983,1573636853.0,4,21,22.540015,113.924346667,14.53
GPGGA,1573636853171519994,1573636853.200000000,4,21,22.5400166667,113.924345,14.57
GPGGA,1573636853370556116,1573636853.400000000,4,21,22.5400166667,113.924343333,14.56
GPGGA,1573636853571767091,1573636853.600000000,4,21,22.5400166667,113.924341667,14.56
GPGGA,1573636853770500898,1573636853.800000000,4,21,22.5400166667,113.92434,14.58
GPHDT,nan
GPGGA,1573636853991430997,1573636854.0,4,21,22.5400183333,113.924338333,14.55
GPGGA,1573636854171614885,1573636854.200000000,4,21,22.5400183333,113.924336667,14.5
GPGGA,1573636854370636940,1573636854.400000000,4,21,22.5400183333,113.924335,14.52
GPGGA,1573636854570527076,1573636854.600000000,4,21,22.5400183333,113.924333333,14.53
GPGGA,1573636854770395994,1573636854.800000000,4,21,22.5400183333,113.924331667,14.52
GPHDT,nan
GPGGA,1573636854991528987,1573636855.0,4,21,22.54002,113.92433,14.56
GPGGA,1573636855170465946,1573636855.200000000,4,21,22.54002,113.924328333,14.58
GPGGA,1573636855370527029,1573636855.400000000,4,21,22.54002,113.924326667,14.53
GPGGA,1573636855570468902,1573636855.600000000,4,21,22.54002,113.924325,14.56
GPGGA,1573636855770611047,1573636855.800000000,4,21,22.5400216667,113.924323333,14.55
GPHDT,nan
GPGGA,1573636855991475105,1573636856.0,4,21,22.5400216667,113.924321667,14.5
GPGGA,1573636856171502113,1573636856.200000000,4,21,22.5400216667,113.92432,14.54
GPGGA,1573636856370419979,1573636856.400000000,4,21,22.5400216667,113.924318333,14.52
GPGGA,1573636856570466995,1573636856.600000000,4,21,22.5400216667,113.924316667,14.53
GPGGA,1573636856770530939,1573636856.800000000,4,21,22.5400216667,113.924315,14.57
GPHDT,nan
GPGGA,1573636856991631031,1573636857.0,4,21,22.5400216667,113.924313333,14.54
GPGGA,1573636857171456098,1573636857.200000000,4,21,22.5400216667,113.924311667,14.52
GPGGA,1573636857370688915,1573636857.400000000,4,21,22.5400233333,113.92431,14.57
GPGGA,1573636857570470094,1573636857.600000000,4,21,22.5400233333,113.924306667,14.54
GPGGA,1573636857770528078,1573636857.800000000,4,21,22.5400233333,113.924305,14.5
GPHDT,nan
GPGGA,1573636857991489887,1573636858.0,4,21,22.5400233333,113.924303333,14.53
GPGGA,1573636858171504974,1573636858.200000000,4,20,22.5400233333,113.924301667,14.5
GPGGA,1573636858370543956,1573636858.400000000,4,20,22.5400233333,113.9243,14.51
GPGGA,1573636858570724964,1573636858.600000000,4,20,22.5400233333,113.924298333,14.54
GPGGA,1573636858770438909,1573636858.800000000,4,20,22.5400233333,113.924296667,14.48
GPHDT,nan
GPGGA,1573636858991393089,1573636859.0,4,19,22.540025,113.924293333,14.52
GPGGA,1573636859170406103,1573636859.200000000,4,20,22.540025,113.924291667,14.53
GPGGA,1573636859370443105,1573636859.400000000,4,20,22.540025,113.924291667,14.54
GPGGA,1573636859570525884,1573636859.600000000,4,20,22.5400266667,113.92429,14.54
GPGGA,1573636859770462036,1573636859.800000000,4,20,22.5400266667,113.924288333,14.58
GPHDT,nan
GPGGA,1573636859990683078,1573636860.0,4,20,22.5400266667,113.924286667,14.52
GPGGA,1573636860170550107,1573636860.200000000,4,20,22.5400266667,113.924285,14.52
GPGGA,1573636860370518922,1573636860.400000000,4,20,22.5400266667,113.924285,14.52
GPGGA,1573636860570458889,1573636860.600000000,4,20,22.5400266667,113.924283333,14.47
GPGGA,1573636860770509004,1573636860.800000000,4,20,22.5400266667,113.924281667,14.48
GPHDT,nan
GPGGA,1573636860991513967,1573636861.0,4,20,22.5400283333,113.92428,14.49
GPGGA,1573636861170478105,1573636861.200000000,4,20,22.5400283333,113.924278333,14.43
GPGGA,1573636861370452880,1573636861.400000000,4,20,22.5400283333,113.924276667,14.44
GPGGA,1573636861570599079,1573636861.600000000,4,20,22.5400283333,113.924276667,14.46
GPGGA,1573636861770566940,1573636861.800000000,4,20,22.5400283333,113.924275,14.45
GPHDT,nan
GPGGA,1573636861991493940,1573636862.0,4,20,22.54003,113.924275,14.49
GPGGA,1573636862170622110,1573636862.200000000,4,20,22.54003,113.924273333,14.5
GPGGA,1573636862370604991,1573636862.400000000,4,20,22.54003,113.924273333,14.5
GPGGA,1573636862570499897,1573636862.600000000,4,20,22.54003,113.924271667,14.51
GPGGA,1573636862770534992,1573636862.800000000,4,20,22.54003,113.924271667,14.52
GPHDT,nan
GPGGA,1573636862991552114,1573636863.0,4,20,22.54003,113.924271667,14.52
GPGGA,1573636863170628070,1573636863.200000000,4,20,22.54003,113.924271667,14.55
GPGGA,1573636863370520114,1573636863.400000000,4,20,22.54003,113.924271667,14.53
GPGGA,1573636863570502996,1573636863.600000000,4,20,22.54003,113.924271667,14.54
GPGGA,1573636863770476102,1573636863.800000000,4,20,22.54003,113.924271667,14.55
GPHDT,nan
GPGGA,1573636863990539073,1573636864.0,4,20,22.5400283333,113.924271667,14.55
GPGGA,1573636864170620918,1573636864.200000000,4,22,22.5400283333,113.924271667,14.56
GPGGA,1573636864370536088,1573636864.400000000,4,22,22.5400283333,113.92427,14.55
GPGGA,1573636864570460081,1573636864.600000000,4,22,22.5400283333,113.92427,14.57
GPGGA,1573636864770638942,1573636864.800000000,4,22,22.5400283333,113.92427,14.56
GPHDT,nan
GPGGA,1573636864990504026,1573636865.0,4,20,22.5400283333,113.92427,14.56
GPGGA,1573636865171519041,1573636865.200000000,4,21,22.5400283333,113.92427,14.54
GPGGA,1573636865370587110,1573636865.400000000,4,21,22.5400283333,113.92427,14.54
GPGGA,1573636865570574998,1573636865.600000000,4,21,22.5400283333,113.92427,14.54
GPGGA,1573636865770705938,1573636865.800000000,4,21,22.5400283333,113.92427,14.54
GPHDT,nan
GPGGA,1573636865990572929,1573636866.0,4,20,22.5400283333,113.92427,14.53
GPGGA,1573636866170628070,1573636866.200000000,4,22,22.5400283333,113.92427,14.53
GPGGA,1573636866370582103,1573636866.400000000,4,22,22.5400283333,113.92427,14.53
GPGGA,1573636866570569992,1573636866.600000000,4,22,22.5400283333,113.92427,14.54
GPGGA,1573636866770508050,1573636866.800000000,4,22,22.5400283333,113.92427,14.52
GPHDT,nan
GPGGA,1573636866991528987,1573636867.0,4,21,22.5400283333,113.92427,14.53
GPGGA,1573636867170545101,1573636867.200000000,4,21,22.5400283333,113.92427,14.53
GPGGA,1573636867370577096,1573636867.400000000,4,21,22.5400283333,113.92427,14.53
GPGGA,1573636867570544958,1573636867.600000000,4,20,22.5400283333,113.92427,14.53
GPGGA,1573636867770483970,1573636867.800000000,4,20,22.5400283333,113.92427,14.54
GPHDT,nan
GPGGA,1573636867991520881,1573636868.0,4,19,22.5400283333,113.92427,14.55
GPGGA,1573636868170548915,1573636868.200000000,4,21,22.5400283333,113.92427,14.54
GPGGA,1573636868370738029,1573636868.400000000,4,21,22.5400283333,113.92427,14.54
GPGGA,1573636868570517063,1573636868.600000000,4,21,22.5400283333,113.92427,14.55
GPGGA,1573636868770549058,1573636868.800000000,4,21,22.5400283333,113.92427,14.57
GPHDT,nan
GPGGA,1573636868991779088,1573636869.0,4,21,22.5400283333,113.92427,14.55
GPGGA,1573636869170670032,1573636869.200000000,4,21,22.5400283333,113.92427,14.54
GPGGA,1573636869370615005,1573636869.400000000,4,21,22.5400283333,113.92427,14.55
GPGGA,1573636869570600032,1573636869.600000000,4,21,22.5400283333,113.92427,14.56
GPGGA,1573636869770564079,1573636869.800000000,4,21,22.5400283333,113.92427,14.55
GPHDT,nan
GPGGA,1573636869990572929,1573636870.0,4,21,22.5400283333,113.92427,14.56
GPGGA,1573636870170566082,1573636870.200000000,4,21,22.5400283333,113.92427,14.55
GPGGA,1573636870370522975,1573636870.400000000,4,20,22.5400283333,113.92427,14.57
GPGGA,1573636870570558071,1573636870.600000000,4,19,22.5400283333,113.924271667,14.57
GPGGA,1573636870770596981,1573636870.800000000,4,19,22.5400283333,113.924271667,14.55
GPHDT,nan
GPGGA,1573636870990715026,1573636871.0,4,19,22.5400283333,113.924271667,14.56
GPGGA,1573636871170881986,1573636871.200000000,4,22,22.5400283333,113.924271667,14.56
GPGGA,1573636871370523929,1573636871.400000000,4,22,22.5400283333,113.924273333,14.57
GPGGA,1573636871570683002,1573636871.600000000,4,21,22.5400283333,113.924273333,14.55
GPGGA,1573636871770564079,1573636871.800000000,4,21,22.5400283333,113.924275,14.57
